1/9/2026	9:10 AM
Pseudo Cross Correlation
Scattering angle:	90.0
Duration (s):	20
Wavelength (nm):	632.8
Refractive index:	1.330
Viscosity (mPas):	0.882
Temperature (K):	298.5
Laser intensity (mW):	8.539117
Average Count rate  A (kHz):	98.1
Average Count rate  B (kHz):	99.4
Intercept:	0.9115
Cumulant 1st	132.03
Cumulant 2nd	124.39	31.50
Cumulant 3rd	129.44	30.69

Lag time (s)         g2-1
1.250000E-8	0.944850
2.500000E-8	0.848373
3.750000E-8	0.936154
5.000000E-8	0.917936
6.250000E-8	0.903444
7.500000E-8	0.929529
8.750000E-8	0.908412
1.000000E-7	0.955201
1.125000E-7	0.881084
1.250000E-7	0.903858
1.375000E-7	0.977561
1.500000E-7	0.921248
1.625000E-7	0.910069
1.750000E-7	0.936154
1.875000E-7	0.916694
2.000000E-7	0.909240
2.125000E-7	0.889780
2.250000E-7	0.955615
2.375000E-7	0.897647
2.500000E-7	0.857483
2.625000E-7	0.963068
2.750000E-7	0.875287
2.875000E-7	0.880256
3.000000E-7	0.854170
3.125000E-7	0.846303
3.250000E-7	0.899717
3.375000E-7	0.899717
3.500000E-7	0.920834
3.625000E-7	0.826428
3.750000E-7	0.860381
3.875000E-7	0.896405
4.000000E-7	0.934084
4.125000E-7	0.831397
4.250000E-7	0.874459
4.375000E-7	0.932428
4.500000E-7	0.857897
4.625000E-7	0.852928
4.750000E-7	0.867006
4.875000E-7	0.947748
5.000000E-7	0.907584
5.125000E-7	0.931600
5.250000E-7	0.952303
5.375000E-7	0.871561
5.500000E-7	0.901787
5.625000E-7	0.895162
5.750000E-7	0.927873
5.875000E-7	0.920834
6.000000E-7	0.890194
6.125000E-7	0.831397
6.250000E-7	0.895162
6.375000E-7	0.950233
6.500000E-7	0.898061
6.625000E-7	0.936983
6.750000E-7	0.897647
6.875000E-7	0.940295
7.000000E-7	0.934912
7.125000E-7	0.938639
7.250000E-7	0.937811
7.375000E-7	0.884811
7.500000E-7	0.874045
7.625000E-7	0.898475
7.750000E-7	0.927045
7.875000E-7	0.929115
8.000000E-7	0.934912
8.250000E-7	0.899924
8.500000E-7	0.881291
8.750000E-7	0.889987
9.000000E-7	0.942779
9.250000E-7	0.900131
9.500000E-7	0.913588
9.750000E-7	0.895162
1.000000E-6	0.900131
1.025000E-6	0.957893
1.050000E-6	0.936361
1.075000E-6	0.943401
1.100000E-6	0.913588
1.125000E-6	0.883155
1.150000E-6	0.937811
1.175000E-6	0.907377
1.200000E-6	0.936361
1.225000E-6	0.920627
1.250000E-6	0.967416
1.275000E-6	0.902201
1.300000E-6	0.915451
1.325000E-6	0.896405
1.350000E-6	0.952510
1.375000E-6	0.903237
1.400000E-6	0.954994
1.425000E-6	0.904065
1.450000E-6	0.948369
1.475000E-6	0.901580
1.500000E-6	0.920420
1.525000E-6	0.919592
1.550000E-6	0.925389
1.575000E-6	0.914416
1.600000E-6	0.940502
1.650000E-6	0.921248
1.700000E-6	0.899303
1.750000E-6	0.902201
1.800000E-6	0.880153
1.850000E-6	0.879221
1.900000E-6	0.906653
1.950000E-6	0.911828
2.000000E-6	0.923733
2.050000E-6	0.899406
2.100000E-6	0.892264
2.150000E-6	0.927977
2.200000E-6	0.905824
2.250000E-6	0.902305
2.300000E-6	0.907067
2.350000E-6	0.904168
2.400000E-6	0.902512
2.450000E-6	0.895887
2.500000E-6	0.910897
2.550000E-6	0.874459
2.600000E-6	0.907584
2.650000E-6	0.923215
2.700000E-6	0.909240
2.750000E-6	0.909240
2.800000E-6	0.905410
2.850000E-6	0.907274
2.900000E-6	0.899199
2.950000E-6	0.864832
3.000000E-6	0.904996
3.050000E-6	0.930358
3.100000E-6	0.907998
3.150000E-6	0.891229
3.200000E-6	0.923629
3.300000E-6	0.907946
3.400000E-6	0.906601
3.500000E-6	0.898164
3.600000E-6	0.899769
3.700000E-6	0.916797
3.800000E-6	0.909551
3.900000E-6	0.912760
4.000000E-6	0.907429
4.100000E-6	0.880308
4.200000E-6	0.917159
4.300000E-6	0.894438
4.400000E-6	0.892109
4.500000E-6	0.911984
4.600000E-6	0.907015
4.700000E-6	0.894541
4.800000E-6	0.895732
4.900000E-6	0.906187
5.000000E-6	0.915348
5.100000E-6	0.905359
5.200000E-6	0.908050
5.300000E-6	0.905307
5.400000E-6	0.893713
5.500000E-6	0.899924
5.600000E-6	0.902460
5.700000E-6	0.898164
5.800000E-6	0.904945
5.900000E-6	0.918143
6.000000E-6	0.908516
6.100000E-6	0.904272
6.200000E-6	0.914882
6.300000E-6	0.900649
6.400000E-6	0.902305
6.600000E-6	0.921792
6.800000E-6	0.897957
7.000000E-6	0.890763
7.200000E-6	0.902745
7.400000E-6	0.910094
7.600000E-6	0.888977
7.800000E-6	0.893170
8.000000E-6	0.899976
8.200000E-6	0.897880
8.400000E-6	0.907895
8.600000E-6	0.884681
8.800000E-6	0.905540
9.000000E-6	0.905798
9.200000E-6	0.907170
9.400000E-6	0.902201
9.600000E-6	0.888951
9.800000E-6	0.892807
1.000000E-5	0.899173
1.020000E-5	0.906911
1.040000E-5	0.904375
1.060000E-5	0.887140
1.080000E-5	0.891772
1.100000E-5	0.893014
1.120000E-5	0.897983
1.140000E-5	0.898811
1.160000E-5	0.899096
1.180000E-5	0.897724
1.200000E-5	0.890530
1.220000E-5	0.910120
1.240000E-5	0.897026
1.260000E-5	0.897724
1.280000E-5	0.892626
1.320000E-5	0.898022
1.360000E-5	0.893027
1.400000E-5	0.894916
1.440000E-5	0.896974
1.480000E-5	0.890659
1.520000E-5	0.894231
1.560000E-5	0.896249
1.600000E-5	0.888382
1.640000E-5	0.896974
1.680000E-5	0.886338
1.720000E-5	0.889715
1.760000E-5	0.889948
1.800000E-5	0.884371
1.840000E-5	0.884940
1.880000E-5	0.883297
1.920000E-5	0.898863
1.960000E-5	0.890038
2.000000E-5	0.892510
2.040000E-5	0.887774
2.080000E-5	0.892781
2.120000E-5	0.879182
2.160000E-5	0.878897
2.200000E-5	0.883155
2.240000E-5	0.880981
2.280000E-5	0.871444
2.320000E-5	0.883957
2.360000E-5	0.882792
2.400000E-5	0.885031
2.440000E-5	0.878664
2.480000E-5	0.880631
2.520000E-5	0.882236
2.560000E-5	0.873605
2.640000E-5	0.876497
2.720000E-5	0.874737
2.800000E-5	0.875980
2.880000E-5	0.874660
2.960000E-5	0.874369
3.040000E-5	0.866372
3.120000E-5	0.873185
3.200000E-5	0.872234
3.280000E-5	0.870241
3.360000E-5	0.867957
3.440000E-5	0.867317
3.520000E-5	0.868410
3.600000E-5	0.871470
3.680000E-5	0.867698
3.760000E-5	0.866340
3.840000E-5	0.860685
3.920000E-5	0.866236
4.000000E-5	0.868300
4.080000E-5	0.861843
4.160000E-5	0.862988
4.240000E-5	0.858958
4.320000E-5	0.864476
4.400000E-5	0.857263
4.480000E-5	0.867679
4.560000E-5	0.860388
4.640000E-5	0.851136
4.720000E-5	0.863461
4.800000E-5	0.852507
4.880000E-5	0.849117
4.960000E-5	0.856454
5.040000E-5	0.855205
5.120000E-5	0.852876
5.280000E-5	0.850240
5.440000E-5	0.844832
5.600000E-5	0.846219
5.760000E-5	0.843176
5.920000E-5	0.839398
6.080000E-5	0.839233
6.240000E-5	0.839227
6.400000E-5	0.838674
6.560000E-5	0.838069
6.720000E-5	0.832664
6.880000E-5	0.826363
7.040000E-5	0.827686
7.200000E-5	0.826587
7.360000E-5	0.825244
7.520000E-5	0.823640
7.680000E-5	0.823051
7.840000E-5	0.814301
8.000000E-5	0.820197
8.160000E-5	0.814534
8.320000E-5	0.811089
8.480000E-5	0.809915
8.640000E-5	0.810106
8.800000E-5	0.810442
8.960000E-5	0.809081
9.120000E-5	0.808469
9.280000E-5	0.798365
9.440000E-5	0.802579
9.600000E-5	0.803070
9.760000E-5	0.797012
9.920000E-5	0.795388
0.000101	0.797597
0.000102	0.798111
0.000106	0.791831
0.000109	0.786879
0.000112	0.781825
0.000115	0.778949
0.000118	0.778161
0.000122	0.773146
0.000125	0.770199
0.000128	0.765676
0.000131	0.761727
0.000134	0.758336
0.000138	0.755776
0.000141	0.753961
0.000144	0.749894
0.000147	0.746357
0.000150	0.744135
0.000154	0.742919
0.000157	0.739676
0.000160	0.733696
0.000163	0.730641
0.000166	0.728809
0.000170	0.723114
0.000173	0.722822
0.000176	0.716655
0.000179	0.714620
0.000182	0.711391
0.000186	0.706558
0.000189	0.708912
0.000192	0.705209
0.000195	0.699860
0.000198	0.700000
0.000202	0.693959
0.000205	0.692247
0.000211	0.685022
0.000218	0.678722
0.000224	0.672404
0.000230	0.666275
0.000237	0.661775
0.000243	0.653437
0.000250	0.650884
0.000256	0.645741
0.000262	0.640700
0.000269	0.633186
0.000275	0.626259
0.000282	0.623820
0.000288	0.615091
0.000294	0.614504
0.000301	0.607500
0.000307	0.601892
0.000314	0.597555
0.000320	0.591302
0.000326	0.585908
0.000333	0.581477
0.000339	0.577512
0.000346	0.569401
0.000352	0.564545
0.000358	0.563966
0.000365	0.556271
0.000371	0.552205
0.000378	0.548377
0.000384	0.543078
0.000390	0.539040
0.000397	0.534049
0.000403	0.529113
0.000410	0.525558
0.000422	0.514806
0.000435	0.506290
0.000448	0.497100
0.000461	0.489102
0.000474	0.479311
0.000486	0.473169
0.000499	0.464614
0.000512	0.456806
0.000525	0.448595
0.000538	0.440518
0.000550	0.434098
0.000563	0.425787
0.000576	0.418522
0.000589	0.412100
0.000602	0.404683
0.000614	0.396377
0.000627	0.388822
0.000640	0.382755
0.000653	0.375950
0.000666	0.371627
0.000678	0.362179
0.000691	0.357541
0.000704	0.351043
0.000717	0.346604
0.000730	0.339706
0.000742	0.333904
0.000755	0.328939
0.000768	0.323348
0.000781	0.317604
0.000794	0.311643
0.000806	0.306968
0.000819	0.300891
0.000845	0.291952
0.000870	0.282272
0.000896	0.273145
0.000922	0.264448
0.000947	0.255874
0.000973	0.247043
0.000998	0.238214
0.001024	0.230558
0.001050	0.223664
0.001075	0.216921
0.001101	0.210628
0.001126	0.204656
0.001152	0.196849
0.001178	0.191093
0.001203	0.184468
0.001229	0.180323
0.001254	0.174840
0.001280	0.169767
0.001306	0.164470
0.001331	0.159075
0.001357	0.153591
0.001382	0.148941
0.001408	0.145112
0.001434	0.140409
0.001459	0.135780
0.001485	0.132992
0.001510	0.128379
0.001536	0.124731
0.001562	0.121621
0.001587	0.118411
0.001613	0.115205
0.001638	0.110457
0.001690	0.104951
0.001741	0.099317
0.001792	0.093634
0.001843	0.088192
0.001894	0.082579
0.001946	0.078900
0.001997	0.073584
0.002048	0.068995
0.002099	0.065307
0.002150	0.060559
0.002202	0.057577
0.002253	0.054948
0.002304	0.052077
0.002355	0.049991
0.002406	0.047222
0.002458	0.044461
0.002509	0.042822
0.002560	0.040575
0.002611	0.038979
0.002662	0.035842
0.002714	0.033732
0.002765	0.032054
0.002816	0.030172
0.002867	0.028515
0.002918	0.027665
0.002970	0.026856
0.003021	0.025969
0.003072	0.025268
0.003123	0.024325
0.003174	0.023731
0.003226	0.022817
0.003277	0.022326
0.003379	0.022567
0.003482	0.021888
0.003584	0.022655
0.003686	0.023081
0.003789	0.023134
0.003891	0.023282
0.003994	0.022395
0.004096	0.021497
0.004198	0.021400
0.004301	0.019776
0.004403	0.019204
0.004506	0.018125
0.004608	0.017771
0.004710	0.015600
0.004813	0.013013
0.004915	0.010598
0.005018	0.009355
0.005120	0.009433
0.005222	0.009012
0.005325	0.009084
0.005427	0.007857
0.005530	0.008130
0.005632	0.007703
0.005734	0.006564
0.005837	0.005860
0.005939	0.006187
0.006042	0.006287
0.006144	0.005837
0.006246	0.005912
0.006349	0.005250
0.006451	0.004203
0.006554	0.003252
0.006758	0.003438
0.006963	0.003634
0.007168	0.002889
0.007373	0.001654
0.007578	0.002048
0.007782	0.003972
0.007987	0.004952
0.008192	0.004818
0.008397	0.005007
0.008602	0.006205
0.008806	0.006623
0.009011	0.005430
0.009216	0.005106
0.009421	0.006100
0.009626	0.004006
0.009830	0.001945
0.010035	-0.000340
0.010240	-0.002083
0.010445	-0.002407
0.010650	-0.003018
0.010854	-0.005259
0.011059	-0.004796
0.011264	-0.003868
0.011469	-0.001673
0.011674	-0.000507
0.011878	0.000875
0.012083	0.000903
0.012288	0.000319
0.012493	0.000999
0.012698	0.002622
0.012902	0.001610
0.013107	-0.000266
0.013517	-0.003306
0.013926	-0.004088
0.014336	-0.001117
0.014746	0.000843
0.015155	0.001617
0.015565	0.000749
0.015974	-0.001123
0.016384	5.779737E-5
0.016794	0.002536
0.017203	0.002460
0.017613	-0.000526
0.018022	-0.000819
0.018432	-0.000835
0.018842	0.001216
0.019251	0.004588
0.019661	0.001476
0.020070	-0.000129
0.020480	-0.000892
0.020890	-0.002457
0.021299	-0.002833
0.021709	-0.002044
0.022118	8.070153E-5
0.022528	0.002327
0.022938	0.001086
0.023347	-0.002569
0.023757	-0.000724
0.024166	0.000698
0.024576	0.003375
0.024986	0.006028
0.025395	0.003186
0.025805	-0.000509
0.026214	0.002815
0.027034	0.011754
0.027853	0.011860
0.028672	0.004581
0.029491	0.001200
0.030310	0.002841
0.031130	0.003082
0.031949	0.005782
0.032768	0.002183
0.033587	-0.000375
0.034406	-0.000465
0.035226	-0.002490
0.036045	0.008509
0.036864	0.010030
0.037683	0.009020
0.038502	0.008020
0.039322	0.007679
0.040141	0.010155
0.040960	0.009087
0.041779	0.004281
0.042598	0.005545
0.043418	0.005338
0.044237	0.006954
0.045056	0.007513
0.045875	0.005703
0.046694	0.002139
0.047514	-0.001938
0.048333	0.001118
0.049152	0.001941
0.049971	0.001024
0.050790	-1.223315E-5
0.051610	-0.001482
0.052429	-0.004349
0.054067	0.000780
0.055706	-0.002308
0.057344	0.002928
0.058982	0.001892
0.060621	0.002338
0.062259	-0.000948
0.063898	0.000201
0.065536	-0.002428
0.067174	0.004097
0.068813	0.001711
0.070451	0.002469
0.072090	-0.002449
0.073728	-0.005832
0.075366	-0.003255
0.077005	-0.004948
0.078643	-0.005810
0.080282	0.003130
0.081920	0.000646
0.083558	0.004536
0.085197	0.000588
0.086835	-0.006177
0.088474	-0.006904
0.090112	-0.007735
0.091750	-0.003215
0.093389	0.006826
0.095027	0.001736
0.096666	0.004052
0.098304	0.015060
0.099942	0.014487
0.101581	0.001004
0.103219	-0.001501
0.104858	0.000914
0.108134	0.001091
0.111411	0.008839
0.114688	0.007912
0.117965	0.004351
0.121242	0.004582
0.124518	0.004348
0.127795	0.004315
0.131072	-0.003946
0.134349	-0.001932
0.137626	0.004162
0.140902	0.002448
0.144179	-0.000681
0.147456	0.004795
0.150733	-0.002963
0.154010	0.000736
0.157286	0.005088
0.160563	0.001115
0.163840	-0.000738
0.167117	-0.001845
0.170394	-0.003120
0.173670	-0.002423
0.176947	0.000913
0.180224	-0.000127
0.183501	-4.842949E-5
0.186778	6.735114E-6
0.190054	0.005402
0.193331	0.001968
0.196608	0.004527
0.199885	0.003910
0.203162	-0.006727
0.206438	-0.008993
0.209715	-0.001194
0.216269	-0.000774
0.222822	0.006769
0.229376	0.002159
0.235930	0.008449
0.242483	0.006318
0.249037	-0.001820
0.255590	-0.003481
0.262144	0.001089
0.268698	0.003345
0.275251	-0.003863
0.281805	-0.003347
0.288358	-0.001088
0.294912	-0.008007
0.301466	-0.001503
0.308019	-0.007546
0.314573	0.000240
0.321126	0.000231
0.327680	-0.001445
0.334234	-0.002110
0.340787	-0.002923
0.347341	0.000123
0.353894	0.005410
0.360448	-0.001021
0.367002	-0.002135
0.373555	-0.005747
0.380109	-0.004059
0.386662	-0.007992
0.393216	-0.006823
0.399770	0.001774
0.406323	-0.004833
0.412877	0.002822
0.419430	-0.000703
0.432538	-0.001916
0.445645	0.005247
0.458752	0.007565
0.471859	-0.000902
0.484966	0.000656
0.498074	7.732322E-5
0.511181	0.001808
0.524288	-0.005916
0.537395	0.000781
0.550502	-0.002106
0.563610	0.000654
0.576717	0.000601
0.589824	-0.001610
0.602931	0.001833
0.616038	-0.002004
0.629146	-0.003452
0.642253	-0.000242
0.655360	-0.004044
0.668467	-0.005870
0.681574	0.001324
0.694682	0.001443
0.707789	-0.005093
0.720896	-3.224706E-5
0.734003	-0.002505
0.747110	0.004102
0.760218	-0.008274
0.773325	-0.005199
0.786432	-0.003279
0.799539	-0.002742
0.812646	0.001685
0.825754	-0.000383
0.838861	-0.003794
0.865075	-0.000352
0.891290	-0.001018
0.917504	0.000104
0.943718	0.003207
0.969933	0.001280
0.996147	-0.001076
1.022362	-0.001077
1.048576	0.005418
1.074790	0.001648
1.101005	0.000257
1.127219	0.002037
1.153434	0.001238
1.179648	0.003121
1.205862	-0.000834
1.232077	0.000147
1.258291	-0.002642
1.284506	0.003512
1.310720	-0.001445
1.336934	0.000264
1.363149	-0.000616
1.389363	-0.000485
1.415578	0.003900
1.441792	-0.000415
1.468006	-0.001809
1.494221	0.000295
1.520435	-0.000484
1.546650	0.004031
1.572864	0.001332
1.599078	0.001649
1.625293	0.000997
1.651507	0.003423
1.677722	0.000138
1.730150	0.000412
1.782579	-0.003625
1.835008	-0.001150
1.887437	0.000397
1.939866	0.000542
1.992294	-0.001671
2.044723	-0.001614
2.097152	-0.001583
2.149581	0.001026
2.202010	-0.002960
2.254438	-0.000347
2.306867	-0.001649
2.359296	0.002092
2.411725	-0.002347
2.464154	-0.000423
2.516582	-0.001243
2.569011	-0.001784
2.621440	-0.000245
2.673869	-0.000489
2.726298	-0.000257
2.778726	0.001790
2.831155	0.001587
2.883584	0.000390
2.936013	0.000510
2.988442	0.001977
3.040870	0.001180
3.093299	0.001450
3.145728	-0.001971
3.198157	-0.002637
3.250586	0.000830
3.303015	0.001388
3.355443	-0.003953
3.460301	0.001115
3.565158	-0.000771
3.670016	-0.000848
3.774873	-0.002142
3.879731	-0.001255
3.984589	0.001316
4.089447	-0.000680
4.194304	-0.000664
4.299161	0.000120
4.404019	0.002562
4.508877	-0.000189
4.613734	0.000838
4.718592	-0.002375
4.823450	-0.003304
4.928307	-0.003551
5.033165	0.001197
5.138022	0.002283
5.242880	0.001865
5.347738	0.001105
5.452595	-0.000238
5.557453	0.001301
5.662311	-5.315443E-5
5.767168	-0.002126
5.872025	-0.001499
5.976883	-0.000245
6.081741	-0.000527
6.186598	0.000275
6.291456	0.001048
6.396314	0.002148
6.501171	0.000163
6.606029	0.000501
6.710886	-0.000274
6.920601	0.001075
7.130317	-0.000219
7.340032	-0.000138
7.549747	-0.001733
7.759462	-0.001302
7.969178	0.001109
8.178893	0.001097
8.388608	0.000980
8.598323	-0.000391
8.808039	-0.000475
9.017754	-0.001060
9.227468	-0.000802
9.437184	0.000986
9.646899	0.003120
9.856614	-0.001221
10.066330	-0.001973
10.276045	-0.001885
10.485760	-0.001241
10.695476	0.000334
10.905190	0.002827
11.114905	-0.000621
11.324621	-0.000771
11.534336	-0.000218
11.744051	-0.000185
11.953767	-0.001285
12.163482	-0.000125
12.373197	0.003488
12.582912	0.002208
12.792627	-0.001317
13.002342	-0.001295
13.212058	0.001330
13.421773	0.000831
13.841203	0.001158
14.260633	0.000175
14.680064	-0.000882
15.099494	0.001305
15.518925	0.000157
15.938355	0.000160
16.357786	-0.000495
16.777216	0.001356
17.196646	-0.001882
17.616077	0.001308
18.035507	-0.000948
18.454937	0.002694
18.874369	0.000000
19.293798	NaN
19.713228	NaN
20.132660	NaN
20.552090	NaN
20.971519	NaN
21.390951	NaN
21.810381	NaN
22.229811	NaN
22.649242	NaN
23.068672	NaN
23.488102	NaN
23.907534	NaN
24.326963	NaN
24.746393	NaN
25.165825	NaN
25.585255	NaN
26.004684	NaN
26.424116	NaN
26.843546	NaN
27.682405	NaN
28.521267	NaN
29.360128	NaN
30.198988	NaN
31.037849	NaN
31.876711	NaN
32.715572	NaN
33.554432	NaN
34.393291	NaN
35.232155	NaN
36.071014	NaN
36.909874	NaN
37.748737	NaN
38.587597	NaN
39.426456	NaN
40.265320	NaN
41.104179	NaN
41.943039	NaN
42.781902	NaN
43.620762	NaN
44.459621	NaN
45.298485	NaN
46.137344	NaN
46.976204	NaN
47.815067	NaN
48.653927	NaN
49.492786	NaN
50.331650	NaN
51.170509	NaN
52.009369	NaN
52.848232	NaN
53.687092	NaN
55.364811	NaN
57.042534	NaN
58.720257	NaN
60.397976	NaN
62.075699	NaN
63.753422	NaN
65.431145	NaN
67.108864	NaN
68.786583	NaN
70.464310	NaN
72.142029	NaN
73.819748	NaN
75.497475	NaN
77.175194	NaN
78.852913	NaN
80.530640	NaN
82.208359	NaN
83.886078	NaN
85.563805	NaN
87.241524	NaN
88.919243	NaN
90.596970	NaN
92.274689	NaN
93.952408	NaN
95.630135	NaN
97.307854	NaN
98.985573	NaN
100.663300	NaN
102.341019	NaN
104.018738	NaN
105.696465	NaN
107.374184	NaN
110.729622	NaN
114.085068	NaN
117.440514	NaN
120.795952	NaN
124.151398	NaN
127.506844	NaN
130.862289	NaN
134.217728	NaN
137.573166	NaN
140.928619	NaN
144.284058	NaN
147.639496	NaN
150.994949	NaN
154.350388	NaN
157.705826	NaN
161.061279	NaN
164.416718	NaN
167.772156	NaN
171.127609	NaN
174.483047	NaN
177.838486	NaN
181.193939	NaN
184.549377	NaN
187.904816	NaN
191.260269	NaN
194.615707	NaN
197.971146	NaN
201.326599	NaN
204.682037	NaN
208.037476	NaN
211.392929	NaN
214.748367	NaN
221.459244	NaN
228.170135	NaN
234.881027	NaN
241.591904	NaN
248.302795	NaN
255.013687	NaN
261.724579	NaN
268.435455	NaN
275.146332	NaN
281.857239	NaN
288.568115	NaN
295.278992	NaN
301.989899	NaN
308.700775	NaN
315.411652	NaN
322.122559	NaN
328.833435	NaN
335.544312	NaN
342.255219	NaN
348.966095	NaN
355.676971	NaN
362.387878	NaN
369.098755	NaN
375.809631	NaN
382.520538	NaN
389.231415	NaN
395.942291	NaN
402.653198	NaN
409.364075	NaN
416.074951	NaN
422.785858	NaN
429.496735	NaN
442.918488	NaN
456.340271	NaN
469.762054	NaN
483.183807	NaN
496.605591	NaN
510.027374	NaN
523.449158	NaN
536.870911	NaN
550.292664	NaN
563.714478	NaN
577.136230	NaN
590.557983	NaN
603.979797	NaN
617.401550	NaN
630.823303	NaN
644.245117	NaN
657.666870	NaN
671.088623	NaN
684.510437	NaN
697.932190	NaN
711.353943	NaN
724.775757	NaN
738.197510	NaN
751.619263	NaN
765.041077	NaN
778.462830	NaN
791.884583	NaN
805.306396	NaN
818.728149	NaN
832.149902	NaN
845.571716	NaN
858.993469	NaN
885.836975	NaN
912.680542	NaN
939.524109	NaN
966.367615	NaN
993.211182	NaN
1020.054749	NaN
1046.898315	NaN
1073.741821	NaN
1100.585327	NaN
1127.428955	NaN
1154.272461	NaN
1181.115967	NaN
1207.959595	NaN
1234.803101	NaN
1261.646606	NaN
1288.490234	NaN
1315.333740	NaN
1342.177246	NaN
1369.020874	NaN
1395.864380	NaN
1422.707886	NaN
1449.551514	NaN
1476.395020	NaN
1503.238525	NaN
1530.082153	NaN
1556.925659	NaN
1583.769165	NaN
1610.612793	NaN
1637.456299	NaN
1664.299805	NaN
1691.143433	NaN
1717.986938	NaN
1771.673950	NaN
1825.361084	NaN
1879.048218	NaN
1932.735229	NaN
1986.422363	NaN
2040.109497	NaN
2093.796631	NaN
2147.483643	NaN
2201.170654	NaN
2254.857910	NaN
2308.544922	NaN
2362.231934	NaN
2415.919189	NaN
2469.606201	NaN
2523.293213	NaN
2576.980469	NaN
2630.667480	NaN
2684.354492	NaN
2738.041748	NaN
2791.728760	NaN
2845.415771	NaN
2899.103027	NaN
2952.790039	NaN
3006.477051	NaN
3060.164307	NaN
3113.851318	NaN
3167.538330	NaN
3221.225586	NaN
3274.912598	NaN
3328.599609	NaN
3382.286865	NaN
3435.973877	NaN
0.000000	NaN
0.000000	NaN
0.000000	NaN
0.000000	NaN
0.000000	NaN
0.000000	NaN
0.000000	NaN
0.000000	NaN
0.000000	NaN
0.000000	NaN
0.000000	NaN
0.000000	NaN
0.000000	NaN
0.000000	NaN
0.000000	NaN
0.000000	NaN
0.000000	NaN
0.000000	NaN
0.000000	NaN
0.000000	NaN
0.000000	NaN
0.000000	NaN
0.000000	NaN
0.000000	NaN
0.000000	NaN
0.000000	NaN
0.000000	NaN
0.000000	NaN
0.000000	NaN
0.000000	NaN
0.000000	NaN
0.000000	NaN

Count Rate History (KHz)  CR CHA / CR CHB
0.000000	112.228394	115.318298
0.104858	105.590820	105.819702
0.209715	109.052658	110.483170
0.314573	101.442337	105.266571
0.419430	89.292526	87.213516
0.524288	96.015930	97.341537
0.629146	102.138519	102.968216
0.734003	90.503693	93.011856
0.838861	98.457336	95.577240
0.943718	105.113983	110.473633
1.048576	88.310242	86.364746
1.153434	93.526840	102.043152
1.258291	97.780228	94.423294
1.363149	83.179474	89.645386
1.468006	106.124878	104.579926
1.572864	96.349716	94.413757
1.677722	126.142502	131.673813
1.782579	110.502243	112.457275
1.887437	111.999512	111.293793
1.992294	97.713470	100.412369
2.097152	119.838715	122.642517
2.202010	96.092224	96.321106
2.306867	93.593597	97.141266
2.411725	86.345673	88.424683
2.516582	89.349747	91.905594
2.621440	93.898773	96.225739
2.726298	78.191757	78.544617
2.831155	97.332001	99.649429
2.936013	96.073151	92.926025
3.040870	100.669861	107.440948
3.145728	89.359283	84.047318
3.250586	109.167099	109.109879
3.355443	94.614029	94.470978
3.460301	120.029449	122.776031
3.565158	90.827942	94.299316
3.670016	97.475052	96.874237
3.774874	99.515915	98.772049
3.879731	94.451904	96.311569
3.984589	102.462769	101.814270
4.089446	76.637268	74.911118
4.194304	80.432892	80.566406
4.299162	87.509155	87.709427
4.404019	85.945129	89.635849
4.508877	120.306015	120.658875
4.613734	107.402802	110.292435
4.718592	136.423111	141.172409
4.823450	99.992752	100.097656
4.928307	96.769333	99.105835
5.033165	80.347061	79.622269
5.138022	91.600418	96.845627
5.242880	93.870163	91.333389
5.347738	107.154846	109.806061
5.452595	92.630386	93.154907
5.557453	101.299286	105.094910
5.662310	91.323853	91.304779
5.767168	90.761185	88.815689
5.872026	101.852417	105.180740
5.976883	92.716217	95.224380
6.081741	106.096268	104.579926
6.186598	107.450485	108.966827
6.291456	77.981949	79.193115
6.396314	94.728470	94.509125
6.501171	105.066299	105.218887
6.606029	89.092255	89.397430
6.710886	94.718933	94.280243
6.815744	102.548599	106.105804
6.920602	103.521347	108.308792
7.025459	86.641312	84.295273
7.130317	94.528198	96.578598
7.235174	97.064972	99.277496
7.340032	94.423294	93.393326
7.444890	107.250214	112.123489
7.549747	91.104507	90.160370
7.654605	83.999634	82.664490
7.759462	110.292435	112.390518
7.864320	111.045837	108.251572
7.969178	97.236633	98.638535
8.074035	100.393295	100.841522
8.178893	93.221664	96.836090
8.283750	106.477737	107.097626
8.388608	102.739334	105.152130
8.493466	91.104507	90.789795
8.598323	101.108551	106.410980
8.703181	96.502304	96.740723
8.808038	98.361969	104.112625
8.912896	102.682114	101.633072
9.017754	99.792480	101.709366
9.122611	98.485947	105.152130
9.227469	85.916519	79.717636
9.332326	94.814301	95.605850
9.437184	72.479248	71.496964
9.542042	93.870163	94.270706
9.646899	85.124969	86.574554
9.751757	104.217529	105.657578
9.856614	102.310181	105.237961
9.961472	103.015900	106.554031
10.066330	98.352432	99.239349
10.171187	114.908218	124.301910
10.276045	102.558136	100.660324
10.380902	83.045959	86.145401
10.485760	84.915161	84.428787
10.590618	102.376938	104.885101
10.695475	99.039078	99.744797
10.800333	97.589493	96.731186
10.905190	98.476410	99.821091
11.010048	82.359314	84.075928
11.114906	107.345581	110.015869
11.219763	103.349686	104.007721
11.324621	89.445114	94.680786
11.429478	79.145432	76.436996
11.534336	105.514526	111.465454
11.639194	78.144073	77.180862
11.744051	111.513138	113.992691
11.848909	82.483292	86.460114
11.953766	84.257126	84.924698
12.058624	93.345642	89.311600
12.163482	81.825256	82.969666
12.268339	92.515945	93.946457
12.373197	78.983307	75.740814
12.478054	109.605789	115.337372
12.582912	114.202499	113.334656
12.687770	107.326508	106.573105
12.792627	92.411041	93.088150
12.897485	98.943710	95.481873
13.002342	115.365982	120.935440
13.107200	118.227005	122.718811
13.212058	112.266541	107.898712
13.316915	90.427399	94.480515
13.421773	110.301971	112.037659
13.526630	102.787018	105.752945
13.631488	103.826523	102.443695
13.736346	87.442398	83.532333
13.841203	106.601715	107.603073
13.946061	84.323883	86.421967
14.050918	99.601746	108.070374
14.155776	146.484375	147.438049
14.260634	146.331787	148.143768
14.365491	112.590790	117.750168
14.470349	84.800720	82.578659
14.575206	97.312927	98.600388
14.680064	94.680786	98.361969
14.784922	108.165741	108.718872
14.889779	80.566406	83.522797
14.994637	84.428787	81.377029
15.099494	95.443726	98.495483
15.204352	119.085312	118.160248
15.309210	118.608475	120.458603
15.414067	94.318390	90.608597
15.518925	109.052658	110.578537
15.623782	80.070496	79.145432
15.728640	112.438202	118.408203
15.833498	93.221664	92.849731
15.938355	80.146790	78.477859
16.043213	75.025558	75.464249
16.148070	114.316940	116.338730
16.252928	111.169815	111.484528
16.357786	96.416473	99.449158
16.462643	94.146729	94.470978
16.567501	95.920563	96.950531
16.672358	85.172653	88.911057
16.777216	86.374283	81.672668
16.882074	94.804764	102.214813
16.986931	112.075806	110.168457
17.091789	100.259781	103.092194
17.196646	104.894638	108.318329
17.301504	84.600449	83.427429
17.406362	105.752945	103.387833
17.511219	83.055496	87.566376
17.616077	98.142624	103.025436
17.720934	108.976364	109.004974
17.825792	109.434128	110.054016
17.930650	80.432892	77.390671
18.035507	92.058182	94.127655
18.140365	107.278824	113.573074
18.245222	88.825226	85.067749
18.350080	88.367462	85.983276
18.454938	91.886520	99.811554
18.559795	105.762482	106.296539
18.664653	107.841492	106.983185
18.769510	90.093613	89.807510
18.874368	90.007782	88.930130
18.979226	92.983246	97.379684
19.084083	90.141296	90.036392
19.188941	93.183517	93.908310
19.293798	106.163025	107.860565
19.398656	106.363297	113.782883
19.503514	93.069077	87.976456
19.608371	100.412369	103.178024
19.713229	104.694366	108.699799
