1/9/2026	8:52 AM
Pseudo Cross Correlation
Scattering angle:	80.0
Duration (s):	20
Wavelength (nm):	632.8
Refractive index:	1.330
Viscosity (mPas):	0.882
Temperature (K):	298.5
Laser intensity (mW):	8.522114
Average Count rate  A (kHz):	91.9
Average Count rate  B (kHz):	93.6
Intercept:	0.9097
Cumulant 1st	132.37
Cumulant 2nd	124.51	32.44
Cumulant 3rd	120.28	48.28

Lag time (s)         g2-1
1.250000E-8	0.919144
2.500000E-8	0.867998
3.750000E-8	0.915390
5.000000E-8	0.906944
6.250000E-8	0.890521
7.500000E-8	0.894275
8.750000E-8	0.926652
1.000000E-7	0.931813
1.125000E-7	0.849229
1.250000E-7	0.957621
1.375000E-7	0.890521
1.500000E-7	0.917736
1.625000E-7	0.941667
1.750000E-7	0.901783
1.875000E-7	0.930875
2.000000E-7	0.925244
2.125000E-7	0.935098
2.250000E-7	0.902721
2.375000E-7	0.940259
2.500000E-7	0.898498
2.625000E-7	0.890521
2.750000E-7	0.924305
2.875000E-7	0.886298
3.000000E-7	0.903190
3.125000E-7	0.944482
3.250000E-7	0.902721
3.375000E-7	0.989528
3.500000E-7	0.919144
3.625000E-7	0.912575
3.750000E-7	0.888175
3.875000E-7	0.893336
4.000000E-7	0.914921
4.125000E-7	0.898029
4.250000E-7	0.930875
4.375000E-7	0.933221
4.500000E-7	0.956213
4.625000E-7	0.949175
4.750000E-7	0.929936
4.875000E-7	0.939321
5.000000E-7	0.890521
5.125000E-7	0.892867
5.250000E-7	0.879260
5.375000E-7	0.888644
5.500000E-7	0.932752
5.625000E-7	0.919144
5.750000E-7	0.926652
5.875000E-7	0.838437
6.000000E-7	0.928998
6.125000E-7	0.911167
6.250000E-7	0.891929
6.375000E-7	0.842660
6.500000E-7	0.905067
6.625000E-7	0.884421
6.750000E-7	0.872221
6.875000E-7	0.915859
7.000000E-7	0.900844
7.125000E-7	0.932282
7.250000E-7	0.879729
7.375000E-7	0.896152
7.500000E-7	0.865652
7.625000E-7	0.860490
7.750000E-7	0.904598
7.875000E-7	0.931813
8.000000E-7	0.943544
8.250000E-7	0.897325
8.500000E-7	0.907413
8.750000E-7	0.901783
9.000000E-7	0.925948
9.250000E-7	0.914686
9.500000E-7	0.912809
9.750000E-7	0.915156
1.000000E-6	0.948236
1.025000E-6	0.924071
1.050000E-6	0.939086
1.075000E-6	0.905771
1.100000E-6	0.903659
1.125000E-6	0.897560
1.150000E-6	0.936975
1.175000E-6	0.922429
1.200000E-6	0.909525
1.225000E-6	0.914921
1.250000E-6	0.881606
1.275000E-6	0.915390
1.300000E-6	0.942605
1.325000E-6	0.898967
1.350000E-6	0.912106
1.375000E-6	0.890990
1.400000E-6	0.924775
1.425000E-6	0.930640
1.450000E-6	0.899906
1.475000E-6	0.933221
1.500000E-6	0.905067
1.525000E-6	0.946828
1.550000E-6	0.941432
1.575000E-6	0.931109
1.600000E-6	0.907413
1.650000E-6	0.898498
1.700000E-6	0.914100
1.750000E-6	0.908704
1.800000E-6	0.933690
1.850000E-6	0.910346
1.900000E-6	0.889935
1.950000E-6	0.915507
2.000000E-6	0.902956
2.050000E-6	0.915977
2.100000E-6	0.910229
2.150000E-6	0.914569
2.200000E-6	0.920552
2.250000E-6	0.893571
2.300000E-6	0.908938
2.350000E-6	0.910698
2.400000E-6	0.928529
2.450000E-6	0.934159
2.500000E-6	0.915390
2.550000E-6	0.893102
2.600000E-6	0.901196
2.650000E-6	0.899436
2.700000E-6	0.919144
2.750000E-6	0.897794
2.800000E-6	0.879611
2.850000E-6	0.943192
2.900000E-6	0.896504
2.950000E-6	0.895683
3.000000E-6	0.882779
3.050000E-6	0.892750
3.100000E-6	0.881840
3.150000E-6	0.904481
3.200000E-6	0.914804
3.300000E-6	0.896914
3.400000E-6	0.895448
3.500000E-6	0.911226
3.600000E-6	0.904187
3.700000E-6	0.906592
3.800000E-6	0.912282
3.900000E-6	0.922370
4.000000E-6	0.912458
4.100000E-6	0.894744
4.200000E-6	0.905947
4.300000E-6	0.899378
4.400000E-6	0.905595
4.500000E-6	0.896093
4.600000E-6	0.924775
4.700000E-6	0.911284
4.800000E-6	0.916563
4.900000E-6	0.896035
5.000000E-6	0.902193
5.100000E-6	0.918323
5.200000E-6	0.906885
5.300000E-6	0.911167
5.400000E-6	0.893219
5.500000E-6	0.883248
5.600000E-6	0.903894
5.700000E-6	0.921314
5.800000E-6	0.899085
5.900000E-6	0.898674
6.000000E-6	0.901959
6.100000E-6	0.913572
6.200000E-6	0.925420
6.300000E-6	0.900140
6.400000E-6	0.892398
6.600000E-6	0.902428
6.800000E-6	0.905771
7.000000E-6	0.923895
7.200000E-6	0.903102
7.400000E-6	0.893454
7.600000E-6	0.905566
7.800000E-6	0.908205
8.000000E-6	0.906768
8.200000E-6	0.908322
8.400000E-6	0.898205
8.600000E-6	0.893190
8.800000E-6	0.900346
9.000000E-6	0.914041
9.200000E-6	0.901783
9.400000E-6	0.902956
9.600000E-6	0.901900
9.800000E-6	0.908352
1.000000E-5	0.903366
1.020000E-5	0.899260
1.040000E-5	0.907443
1.060000E-5	0.900932
1.080000E-5	0.890609
1.100000E-5	0.911666
1.120000E-5	0.900375
1.140000E-5	0.895800
1.160000E-5	0.879553
1.180000E-5	0.905918
1.200000E-5	0.904745
1.220000E-5	0.905624
1.240000E-5	0.906797
1.260000E-5	0.889084
1.280000E-5	0.896298
1.320000E-5	0.893307
1.360000E-5	0.900903
1.400000E-5	0.883996
1.440000E-5	0.892369
1.480000E-5	0.898777
1.520000E-5	0.893410
1.560000E-5	0.897867
1.600000E-5	0.906020
1.640000E-5	0.898645
1.680000E-5	0.885345
1.720000E-5	0.885506
1.760000E-5	0.893263
1.800000E-5	0.888248
1.840000E-5	0.899612
1.880000E-5	0.889216
1.920000E-5	0.891738
1.960000E-5	0.888366
2.000000E-5	0.881650
2.040000E-5	0.886034
2.080000E-5	0.890814
2.120000E-5	0.885242
2.160000E-5	0.889187
2.200000E-5	0.891694
2.240000E-5	0.889729
2.280000E-5	0.882163
2.320000E-5	0.885316
2.360000E-5	0.884040
2.400000E-5	0.878746
2.440000E-5	0.894055
2.480000E-5	0.878438
2.520000E-5	0.881283
2.560000E-5	0.881591
2.640000E-5	0.875850
2.720000E-5	0.883952
2.800000E-5	0.869076
2.880000E-5	0.875139
2.960000E-5	0.881562
3.040000E-5	0.872749
3.120000E-5	0.880660
3.200000E-5	0.878754
3.280000E-5	0.874003
3.360000E-5	0.877207
3.440000E-5	0.873064
3.520000E-5	0.868431
3.600000E-5	0.868064
3.680000E-5	0.873761
3.760000E-5	0.876488
3.840000E-5	0.868555
3.920000E-5	0.869838
4.000000E-5	0.864134
4.080000E-5	0.866561
4.160000E-5	0.859867
4.240000E-5	0.868797
4.320000E-5	0.864589
4.400000E-5	0.865307
4.480000E-5	0.860498
4.560000E-5	0.863746
4.640000E-5	0.859618
4.720000E-5	0.860117
4.800000E-5	0.852814
4.880000E-5	0.858768
4.960000E-5	0.855915
5.040000E-5	0.854339
5.120000E-5	0.855908
5.280000E-5	0.852659
5.440000E-5	0.847751
5.600000E-5	0.852773
5.760000E-5	0.845533
5.920000E-5	0.844096
6.080000E-5	0.847061
6.240000E-5	0.844284
6.400000E-5	0.842579
6.560000E-5	0.841883
6.720000E-5	0.835699
6.880000E-5	0.835600
7.040000E-5	0.834893
7.200000E-5	0.837903
7.360000E-5	0.836516
7.520000E-5	0.833536
7.680000E-5	0.830839
7.840000E-5	0.828468
8.000000E-5	0.823292
8.160000E-5	0.824745
8.320000E-5	0.822270
8.480000E-5	0.824943
8.640000E-5	0.823813
8.800000E-5	0.822822
8.960000E-5	0.819038
9.120000E-5	0.818492
9.280000E-5	0.819812
9.440000E-5	0.818023
9.600000E-5	0.810849
9.760000E-5	0.811022
9.920000E-5	0.806994
0.000101	0.808394
0.000102	0.804798
0.000106	0.800761
0.000109	0.799219
0.000112	0.798074
0.000115	0.796535
0.000118	0.793990
0.000122	0.790937
0.000125	0.784403
0.000128	0.782165
0.000131	0.777169
0.000134	0.776421
0.000138	0.773448
0.000141	0.771797
0.000144	0.768595
0.000147	0.767571
0.000150	0.762461
0.000154	0.760136
0.000157	0.754749
0.000160	0.751563
0.000163	0.750871
0.000166	0.750442
0.000170	0.744195
0.000173	0.744105
0.000176	0.740993
0.000179	0.738448
0.000182	0.736263
0.000186	0.732101
0.000189	0.729273
0.000192	0.730779
0.000195	0.724352
0.000198	0.720241
0.000202	0.718366
0.000205	0.717726
0.000211	0.712609
0.000218	0.707828
0.000224	0.702153
0.000230	0.697167
0.000237	0.691044
0.000243	0.686931
0.000250	0.679290
0.000256	0.675618
0.000262	0.668995
0.000269	0.667122
0.000275	0.662451
0.000282	0.655954
0.000288	0.652528
0.000294	0.646173
0.000301	0.643247
0.000307	0.637012
0.000314	0.632390
0.000320	0.627997
0.000326	0.625264
0.000333	0.619229
0.000339	0.615269
0.000346	0.610594
0.000352	0.608467
0.000358	0.601689
0.000365	0.596797
0.000371	0.595622
0.000378	0.590441
0.000384	0.585952
0.000390	0.579696
0.000397	0.577487
0.000403	0.572561
0.000410	0.570003
0.000422	0.561644
0.000435	0.554485
0.000448	0.546468
0.000461	0.538509
0.000474	0.530678
0.000486	0.524601
0.000499	0.516618
0.000512	0.509363
0.000525	0.501236
0.000538	0.494139
0.000550	0.488487
0.000563	0.481416
0.000576	0.474822
0.000589	0.467643
0.000602	0.461151
0.000614	0.455548
0.000627	0.448987
0.000640	0.442683
0.000653	0.437589
0.000666	0.431861
0.000678	0.426339
0.000691	0.419481
0.000704	0.413453
0.000717	0.408243
0.000730	0.403482
0.000742	0.397864
0.000755	0.392960
0.000768	0.387185
0.000781	0.381538
0.000794	0.376943
0.000806	0.371156
0.000819	0.367782
0.000845	0.357327
0.000870	0.348186
0.000896	0.337717
0.000922	0.329655
0.000947	0.321230
0.000973	0.313736
0.000998	0.304380
0.001024	0.296338
0.001050	0.289125
0.001075	0.281623
0.001101	0.273319
0.001126	0.267082
0.001152	0.259290
0.001178	0.252629
0.001203	0.247158
0.001229	0.239235
0.001254	0.233560
0.001280	0.227105
0.001306	0.222251
0.001331	0.214822
0.001357	0.210046
0.001382	0.203867
0.001408	0.198170
0.001434	0.192953
0.001459	0.189024
0.001485	0.183505
0.001510	0.178708
0.001536	0.174037
0.001562	0.168853
0.001587	0.164693
0.001613	0.160381
0.001638	0.155758
0.001690	0.147862
0.001741	0.140204
0.001792	0.134650
0.001843	0.127161
0.001894	0.120537
0.001946	0.115309
0.001997	0.109197
0.002048	0.102849
0.002099	0.097601
0.002150	0.093373
0.002202	0.088405
0.002253	0.084276
0.002304	0.079357
0.002355	0.075185
0.002406	0.071497
0.002458	0.068446
0.002509	0.064503
0.002560	0.061748
0.002611	0.058642
0.002662	0.055333
0.002714	0.052954
0.002765	0.051523
0.002816	0.048907
0.002867	0.046818
0.002918	0.044940
0.002970	0.043509
0.003021	0.042832
0.003072	0.041340
0.003123	0.041201
0.003174	0.039868
0.003226	0.039281
0.003277	0.039036
0.003379	0.036693
0.003482	0.035513
0.003584	0.032832
0.003686	0.031397
0.003789	0.029131
0.003891	0.026565
0.003994	0.024886
0.004096	0.022156
0.004198	0.019271
0.004301	0.016880
0.004403	0.014489
0.004506	0.012663
0.004608	0.009622
0.004710	0.006789
0.004813	0.003971
0.004915	0.001439
0.005018	-0.001668
0.005120	-0.003739
0.005222	-0.006394
0.005325	-0.006787
0.005427	-0.006725
0.005530	-0.006079
0.005632	-0.005865
0.005734	-0.007323
0.005837	-0.007575
0.005939	-0.007296
0.006042	-0.006561
0.006144	-0.006454
0.006246	-0.005547
0.006349	-0.005071
0.006451	-0.003102
0.006554	-0.001770
0.006758	0.001947
0.006963	0.004036
0.007168	0.006268
0.007373	0.007658
0.007578	0.007999
0.007782	0.008573
0.007987	0.008744
0.008192	0.007418
0.008397	0.006100
0.008602	0.003973
0.008806	0.001507
0.009011	-0.002069
0.009216	-0.003554
0.009421	-0.004039
0.009626	-0.003909
0.009830	-0.003369
0.010035	-0.004062
0.010240	-0.004011
0.010445	-0.005108
0.010650	-0.005181
0.010854	-0.006622
0.011059	-0.006378
0.011264	-0.005113
0.011469	-0.003557
0.011674	-0.001051
0.011878	0.000650
0.012083	0.001369
0.012288	0.001476
0.012493	0.002021
0.012698	0.001759
0.012902	0.001614
0.013107	0.003097
0.013517	0.004589
0.013926	0.007822
0.014336	0.007902
0.014746	0.008458
0.015155	0.005763
0.015565	0.003121
0.015974	-0.001028
0.016384	-0.003647
0.016794	-0.003090
0.017203	0.001577
0.017613	0.006537
0.018022	0.012267
0.018432	0.013423
0.018842	0.011914
0.019251	0.010329
0.019661	0.010525
0.020070	0.011093
0.020480	0.010565
0.020890	0.008288
0.021299	0.006334
0.021709	0.003996
0.022118	0.002566
0.022528	0.002074
0.022938	-0.000174
0.023347	0.000506
0.023757	-0.000954
0.024166	-0.002625
0.024576	-0.003191
0.024986	-0.001877
0.025395	-0.001296
0.025805	-0.002668
0.026214	-0.004570
0.027034	-0.005656
0.027853	-0.003197
0.028672	0.000188
0.029491	-0.000587
0.030310	-0.004711
0.031130	-0.004152
0.031949	0.001672
0.032768	0.002982
0.033587	0.002349
0.034406	0.006274
0.035226	0.009442
0.036045	0.009164
0.036864	0.008510
0.037683	0.002554
0.038502	-0.002571
0.039322	-0.003263
0.040141	-0.003237
0.040960	-0.003652
0.041779	-0.005126
0.042598	-0.005144
0.043418	-0.007652
0.044237	-0.005283
0.045056	0.001745
0.045875	0.000971
0.046694	-0.003059
0.047514	-0.000694
0.048333	-0.000485
0.049152	-0.002138
0.049971	0.000227
0.050790	-0.000193
0.051610	0.000967
0.052429	0.006199
0.054067	0.009146
0.055706	0.007387
0.057344	0.004371
0.058982	0.005853
0.060621	0.005913
0.062259	0.004909
0.063898	0.002304
0.065536	0.003445
0.067174	0.001730
0.068813	0.002066
0.070451	0.000607
0.072090	-0.000486
0.073728	0.001693
0.075366	-0.002184
0.077005	-0.005529
0.078643	0.000724
0.080282	0.012832
0.081920	0.015312
0.083558	0.003987
0.085197	0.000394
0.086835	-0.009461
0.088474	-0.013753
0.090112	-0.007016
0.091750	-0.000829
0.093389	-3.710434E-5
0.095027	0.007251
0.096666	0.011126
0.098304	0.002080
0.099942	0.002548
0.101581	-0.004780
0.103219	0.000213
0.104858	0.005292
0.108134	0.001658
0.111411	0.005014
0.114688	-0.003273
0.117965	0.003631
0.121242	0.005939
0.124518	-0.001421
0.127795	0.005754
0.131072	6.685529E-5
0.134349	-0.001675
0.137626	-0.002639
0.140902	-0.006699
0.144179	-0.002376
0.147456	0.009419
0.150733	-0.002124
0.154010	-0.006086
0.157286	-0.006893
0.160563	-0.002052
0.163840	-0.002576
0.167117	-0.007101
0.170394	-0.003692
0.173670	-0.002591
0.176947	-0.002098
0.180224	-0.000357
0.183501	0.001693
0.186778	-0.005618
0.190054	0.005038
0.193331	0.005656
0.196608	-0.009106
0.199885	-0.007642
0.203162	0.012123
0.206438	0.002767
0.209715	0.005619
0.216269	-0.003715
0.222822	-0.001518
0.229376	-0.002693
0.235930	0.005899
0.242483	-0.002390
0.249037	0.003919
0.255590	0.001706
0.262144	-0.003041
0.268698	0.000576
0.275251	0.003364
0.281805	-0.003822
0.288358	-0.001987
0.294912	-0.000888
0.301466	0.008933
0.308019	0.008469
0.314573	0.005500
0.321126	0.005596
0.327680	0.005661
0.334234	0.002141
0.340787	-0.002506
0.347341	0.002077
0.353894	0.001080
0.360448	0.011081
0.367002	0.005220
0.373555	-0.002390
0.380109	-0.001723
0.386662	0.004249
0.393216	0.001263
0.399770	-0.002823
0.406323	-0.002671
0.412877	0.001728
0.419430	0.005022
0.432538	0.001134
0.445645	-4.882888E-5
0.458752	-0.003655
0.471859	-0.003961
0.484966	0.000903
0.498074	-0.000430
0.511181	0.001076
0.524288	-0.005720
0.537395	0.000243
0.550502	-0.001061
0.563610	-0.000962
0.576717	-0.003020
0.589824	-0.006115
0.602931	-0.004915
0.616038	0.004211
0.629146	-0.005241
0.642253	-0.005006
0.655360	-0.008335
0.668467	-0.006243
0.681574	0.000634
0.694682	0.003324
0.707789	-0.004637
0.720896	-0.005533
0.734003	0.001020
0.747110	0.004417
0.760218	0.004002
0.773325	0.004315
0.786432	-0.002075
0.799539	0.001435
0.812646	0.002374
0.825754	0.002487
0.838861	-0.001293
0.865075	0.003679
0.891290	-0.004855
0.917504	-0.002587
0.943718	-0.001718
0.969933	-0.004355
0.996147	0.001685
1.022362	-0.003173
1.048576	-0.002389
1.074790	-0.001203
1.101005	0.004203
1.127219	0.000805
1.153434	-0.001027
1.179648	-0.000900
1.205862	0.001726
1.232077	5.600637E-5
1.258291	-0.002217
1.284506	0.001987
1.310720	0.002020
1.336934	-0.002662
1.363149	-0.000365
1.389363	0.000440
1.415578	0.001841
1.441792	-0.000653
1.468006	-0.003392
1.494221	-0.000664
1.520435	-0.000898
1.546650	7.050646E-5
1.572864	0.003132
1.599078	0.003506
1.625293	0.004667
1.651507	-0.000160
1.677722	0.000226
1.730150	0.001691
1.782579	-0.000732
1.835008	0.002366
1.887437	-0.001522
1.939866	0.000164
1.992294	0.001075
2.044723	0.001511
2.097152	0.001485
2.149581	0.001911
2.202010	0.000490
2.254438	0.000346
2.306867	0.000846
2.359296	-0.000943
2.411725	0.000756
2.464154	0.000324
2.516582	2.273657E-5
2.569011	-0.000360
2.621440	-0.001456
2.673869	-0.002799
2.726298	-0.001854
2.778726	-0.000211
2.831155	0.000134
2.883584	-0.000152
2.936013	-0.001682
2.988442	-0.001380
3.040870	0.002276
3.093299	0.000340
3.145728	0.001181
3.198157	0.002913
3.250586	0.001978
3.303015	0.000723
3.355443	-0.000400
3.460301	-0.000820
3.565158	-0.000621
3.670016	0.000510
3.774873	-0.002823
3.879731	8.986513E-5
3.984589	0.000970
4.089447	-0.000481
4.194304	-0.001245
4.299161	-0.000286
4.404019	0.002696
4.508877	-8.411762E-5
4.613734	0.001521
4.718592	0.002648
4.823450	0.000667
4.928307	0.000162
5.033165	-0.000866
5.138022	0.000172
5.242880	-0.001980
5.347738	-0.000136
5.452595	-0.001323
5.557453	-0.002231
5.662311	-0.000120
5.767168	-0.001921
5.872025	-0.001326
5.976883	-0.000395
6.081741	-0.001391
6.186598	0.000377
6.291456	0.001109
6.396314	-0.000924
6.501171	0.001331
6.606029	-0.000860
6.710886	0.000239
6.920601	0.001495
7.130317	-0.000717
7.340032	-0.001565
7.549747	-0.000891
7.759462	-0.000777
7.969178	-0.000894
8.178893	-0.000282
8.388608	0.000808
8.598323	-0.002419
8.808039	0.001672
9.017754	-0.000679
9.227468	0.001155
9.437184	-0.000960
9.646899	0.000497
9.856614	6.795188E-5
10.066330	-0.000561
10.276045	-0.001130
10.485760	0.000209
10.695476	0.000721
10.905190	-0.000315
11.114905	-8.193108E-5
11.324621	0.000862
11.534336	0.003224
11.744051	0.000756
11.953767	0.002352
12.163482	-0.002805
12.373197	-0.001959
12.582912	-0.000943
12.792627	0.000423
13.002342	0.001263
13.212058	-0.000506
13.421773	-0.000998
13.841203	0.001200
14.260633	-0.002276
14.680064	0.000542
15.099494	0.001771
15.518925	0.000118
15.938355	0.000586
16.357786	-0.000600
16.777216	0.000271
17.196646	0.000262
17.616077	-0.000863
18.035507	0.000943
18.454937	-0.000679
18.874369	0.000000
19.293798	NaN
19.713228	NaN
20.132660	NaN
20.552090	NaN
20.971519	NaN
21.390951	NaN
21.810381	NaN
22.229811	NaN
22.649242	NaN
23.068672	NaN
23.488102	NaN
23.907534	NaN
24.326963	NaN
24.746393	NaN
25.165825	NaN
25.585255	NaN
26.004684	NaN
26.424116	NaN
26.843546	NaN
27.682405	NaN
28.521267	NaN
29.360128	NaN
30.198988	NaN
31.037849	NaN
31.876711	NaN
32.715572	NaN
33.554432	NaN
34.393291	NaN
35.232155	NaN
36.071014	NaN
36.909874	NaN
37.748737	NaN
38.587597	NaN
39.426456	NaN
40.265320	NaN
41.104179	NaN
41.943039	NaN
42.781902	NaN
43.620762	NaN
44.459621	NaN
45.298485	NaN
46.137344	NaN
46.976204	NaN
47.815067	NaN
48.653927	NaN
49.492786	NaN
50.331650	NaN
51.170509	NaN
52.009369	NaN
52.848232	NaN
53.687092	NaN
55.364811	NaN
57.042534	NaN
58.720257	NaN
60.397976	NaN
62.075699	NaN
63.753422	NaN
65.431145	NaN
67.108864	NaN
68.786583	NaN
70.464310	NaN
72.142029	NaN
73.819748	NaN
75.497475	NaN
77.175194	NaN
78.852913	NaN
80.530640	NaN
82.208359	NaN
83.886078	NaN
85.563805	NaN
87.241524	NaN
88.919243	NaN
90.596970	NaN
92.274689	NaN
93.952408	NaN
95.630135	NaN
97.307854	NaN
98.985573	NaN
100.663300	NaN
102.341019	NaN
104.018738	NaN
105.696465	NaN
107.374184	NaN
110.729622	NaN
114.085068	NaN
117.440514	NaN
120.795952	NaN
124.151398	NaN
127.506844	NaN
130.862289	NaN
134.217728	NaN
137.573166	NaN
140.928619	NaN
144.284058	NaN
147.639496	NaN
150.994949	NaN
154.350388	NaN
157.705826	NaN
161.061279	NaN
164.416718	NaN
167.772156	NaN
171.127609	NaN
174.483047	NaN
177.838486	NaN
181.193939	NaN
184.549377	NaN
187.904816	NaN
191.260269	NaN
194.615707	NaN
197.971146	NaN
201.326599	NaN
204.682037	NaN
208.037476	NaN
211.392929	NaN
214.748367	NaN
221.459244	NaN
228.170135	NaN
234.881027	NaN
241.591904	NaN
248.302795	NaN
255.013687	NaN
261.724579	NaN
268.435455	NaN
275.146332	NaN
281.857239	NaN
288.568115	NaN
295.278992	NaN
301.989899	NaN
308.700775	NaN
315.411652	NaN
322.122559	NaN
328.833435	NaN
335.544312	NaN
342.255219	NaN
348.966095	NaN
355.676971	NaN
362.387878	NaN
369.098755	NaN
375.809631	NaN
382.520538	NaN
389.231415	NaN
395.942291	NaN
402.653198	NaN
409.364075	NaN
416.074951	NaN
422.785858	NaN
429.496735	NaN
442.918488	NaN
456.340271	NaN
469.762054	NaN
483.183807	NaN
496.605591	NaN
510.027374	NaN
523.449158	NaN
536.870911	NaN
550.292664	NaN
563.714478	NaN
577.136230	NaN
590.557983	NaN
603.979797	NaN
617.401550	NaN
630.823303	NaN
644.245117	NaN
657.666870	NaN
671.088623	NaN
684.510437	NaN
697.932190	NaN
711.353943	NaN
724.775757	NaN
738.197510	NaN
751.619263	NaN
765.041077	NaN
778.462830	NaN
791.884583	NaN
805.306396	NaN
818.728149	NaN
832.149902	NaN
845.571716	NaN
858.993469	NaN
885.836975	NaN
912.680542	NaN
939.524109	NaN
966.367615	NaN
993.211182	NaN
1020.054749	NaN
1046.898315	NaN
1073.741821	NaN
1100.585327	NaN
1127.428955	NaN
1154.272461	NaN
1181.115967	NaN
1207.959595	NaN
1234.803101	NaN
1261.646606	NaN
1288.490234	NaN
1315.333740	NaN
1342.177246	NaN
1369.020874	NaN
1395.864380	NaN
1422.707886	NaN
1449.551514	NaN
1476.395020	NaN
1503.238525	NaN
1530.082153	NaN
1556.925659	NaN
1583.769165	NaN
1610.612793	NaN
1637.456299	NaN
1664.299805	NaN
1691.143433	NaN
1717.986938	NaN
1771.673950	NaN
1825.361084	NaN
1879.048218	NaN
1932.735229	NaN
1986.422363	NaN
2040.109497	NaN
2093.796631	NaN
2147.483643	NaN
2201.170654	NaN
2254.857910	NaN
2308.544922	NaN
2362.231934	NaN
2415.919189	NaN
2469.606201	NaN
2523.293213	NaN
2576.980469	NaN
2630.667480	NaN
2684.354492	NaN
2738.041748	NaN
2791.728760	NaN
2845.415771	NaN
2899.103027	NaN
2952.790039	NaN
3006.477051	NaN
3060.164307	NaN
3113.851318	NaN
3167.538330	NaN
3221.225586	NaN
3274.912598	NaN
3328.599609	NaN
3382.286865	NaN
3435.973877	NaN
0.000000	NaN
0.000000	NaN
0.000000	NaN
0.000000	NaN
0.000000	NaN
0.000000	NaN
0.000000	NaN
0.000000	NaN
0.000000	NaN
0.000000	NaN
0.000000	NaN
0.000000	NaN
0.000000	NaN
0.000000	NaN
0.000000	NaN
0.000000	NaN
0.000000	NaN
0.000000	NaN
0.000000	NaN
0.000000	NaN
0.000000	NaN
0.000000	NaN
0.000000	NaN
0.000000	NaN
0.000000	NaN
0.000000	NaN
0.000000	NaN
0.000000	NaN
0.000000	NaN
0.000000	NaN
0.000000	NaN
0.000000	NaN

Count Rate History (KHz)  CR CHA / CR CHB
0.000000	80.642700	78.849792
0.104858	79.813004	79.717636
0.209715	86.975098	88.567734
0.314573	106.601715	108.232498
0.419430	80.318451	80.137253
0.524288	107.202530	111.131668
0.629146	103.521347	103.673935
0.734003	89.178085	87.509155
0.838861	76.322556	79.889297
0.943718	69.789886	72.307587
1.048576	81.491470	85.811615
1.153434	96.673965	94.251633
1.258291	79.593658	78.573227
1.363149	83.980560	85.811615
1.468006	110.158920	114.126205
1.572864	104.064941	106.573105
1.677722	74.825287	75.597763
1.782579	97.026825	96.073151
1.887437	81.014633	83.837509
1.992294	88.472366	96.969604
2.097152	110.292435	108.070374
2.202010	102.691650	103.492737
2.306867	112.781525	115.365982
2.411725	99.544525	100.908279
2.516582	84.486008	85.363388
2.621440	92.105865	97.503662
2.726298	90.055466	84.762573
2.831155	84.562302	85.163116
2.936013	78.430176	80.461502
3.040870	89.359283	90.818405
3.145728	105.104446	108.461380
3.250586	68.540573	67.653656
3.355443	99.859238	102.691650
3.460301	92.306137	89.941025
3.565158	124.683380	127.992630
3.670016	101.623535	104.932785
3.774874	111.589432	120.410919
3.879731	128.631592	124.082565
3.984589	85.067749	85.954666
4.089446	76.045990	76.265335
4.194304	85.439682	90.227127
4.299162	96.931458	97.646713
4.404019	72.460175	72.431564
4.508877	80.003738	77.867508
4.613734	99.687576	100.507736
4.718592	91.657639	94.385147
4.823450	75.378418	75.054169
4.928307	82.988739	83.713531
5.033165	78.763962	78.525543
5.138022	83.847046	84.886551
5.242880	122.690201	126.409531
5.347738	78.382492	80.089569
5.452595	82.330704	82.864761
5.557453	99.782944	105.791092
5.662310	94.099045	95.720291
5.767168	86.097717	86.326599
5.872026	98.915100	100.288391
5.976883	96.292496	104.532242
6.081741	91.238022	88.768005
6.186598	97.703934	98.152161
6.291456	98.295212	98.314285
6.396314	93.164444	94.871521
6.501171	86.221695	86.679459
6.606029	96.225739	97.084045
6.710886	78.353882	79.698563
6.815744	112.028122	114.164352
6.920602	99.010468	100.564957
7.025459	84.753036	86.050034
7.130317	87.928772	89.120865
7.235174	91.829300	92.411041
7.340032	82.130432	81.567764
7.444890	86.584091	87.327957
7.549747	75.635910	75.149536
7.654605	85.229874	86.660385
7.759462	87.347031	88.787079
7.864320	87.747574	95.500946
7.969178	100.736618	94.900131
8.074035	113.420486	117.473602
8.178893	93.183517	97.332001
8.283750	97.656250	99.506378
8.388608	93.631744	94.900131
8.493466	105.018616	109.338760
8.598323	89.044571	92.706680
8.703181	89.864731	90.169907
8.808038	75.569153	75.492859
8.912896	74.062347	73.556900
9.017754	81.443787	84.114075
9.122611	99.020004	103.330612
9.227469	94.795227	95.577240
9.332326	63.219070	64.105988
9.437184	87.528229	87.852478
9.542042	96.044540	98.457336
9.646899	66.471100	65.574646
9.751757	86.364746	87.327957
9.856614	101.203918	105.447769
9.961472	100.145340	95.548630
10.066330	80.490112	81.510544
10.171187	81.214905	83.618164
10.276045	107.345581	113.019943
10.380902	99.811554	99.735260
10.485760	94.842911	100.288391
10.590618	88.720322	93.107224
10.695475	90.904236	91.199875
10.800333	80.108643	83.894730
10.905190	77.066422	78.420639
11.010048	90.885162	90.827942
11.114906	81.434250	83.961487
11.219763	88.453293	92.353821
11.324621	80.757141	80.661774
11.429478	101.242065	102.167130
11.534336	100.383759	101.184845
11.639194	84.848404	90.017319
11.744051	88.014603	89.931488
11.848909	77.619553	78.830719
11.953766	85.630417	84.524155
12.058624	98.934174	99.401474
12.163482	84.199905	87.661743
12.268339	95.481873	98.867416
12.373197	101.442337	100.793839
12.478054	88.825226	88.558197
12.582912	85.096359	83.980560
12.687770	85.144043	87.871552
12.792627	111.970901	116.395950
12.897485	81.987381	83.780289
13.002342	70.257187	74.167252
13.107200	126.762390	126.657486
13.212058	96.883774	101.766586
13.316915	67.443848	69.074631
13.421773	116.796494	117.416382
13.526630	102.186203	103.302002
13.631488	83.732605	88.472366
13.736346	91.762543	90.808868
13.841203	79.631805	80.509186
13.946061	89.302063	94.118118
14.050918	83.885193	79.269409
14.155776	111.322403	112.791061
14.260634	88.415146	93.517303
14.365491	107.498169	108.699799
14.470349	87.642670	89.740753
14.575206	83.904266	83.351135
14.680064	87.041855	90.599060
14.784922	89.626312	88.996887
14.889779	106.992722	111.808777
14.994637	103.149414	102.291107
15.099494	97.446442	100.021362
15.204352	101.957321	104.045868
15.309210	103.969574	110.855103
15.414067	115.089417	120.067596
15.518925	85.935593	86.727142
15.623782	91.094971	91.419220
15.728640	86.088181	88.081360
15.833498	94.223022	98.628998
15.938355	80.595016	80.099106
16.043213	80.900192	79.708099
16.148070	95.567703	99.372864
16.252928	97.742081	100.278854
16.357786	83.675385	83.875656
16.462643	90.494156	93.879700
16.567501	89.426041	93.755722
16.672358	92.067719	88.024139
16.777216	105.953217	114.955902
16.882074	82.530975	80.299377
16.986931	91.609955	98.075867
17.091789	85.515976	83.532333
17.196646	109.415054	113.449097
17.301504	97.246170	97.579956
17.406362	91.323853	93.469620
17.511219	121.650696	122.556686
17.616077	109.367371	112.209320
17.720934	89.588165	90.103149
17.825792	95.882416	97.265244
17.930650	92.496872	91.753006
18.035507	85.945129	87.738037
18.140365	83.637238	88.205338
18.245222	110.254288	111.351013
18.350080	93.107224	100.831985
18.454938	88.691711	86.936951
18.559795	105.924606	106.325150
18.664653	82.616806	82.406998
18.769510	119.361877	126.018524
18.874368	107.851028	111.160278
18.979226	97.761154	96.855164
19.084083	94.003677	97.274780
19.188941	78.172684	81.834793
19.293798	105.218887	110.578537
19.398656	76.274872	76.007843
19.503514	74.672699	75.893402
19.608371	92.020035	94.776154
19.713229	81.253052	86.812973
