1/9/2026	8:54 AM
Pseudo Cross Correlation
Scattering angle:	130.0
Duration (s):	20
Wavelength (nm):	632.8
Refractive index:	1.330
Viscosity (mPas):	0.882
Temperature (K):	298.6
Laser intensity (mW):	8.514145
Average Count rate  A (kHz):	77.4
Average Count rate  B (kHz):	77.4
Intercept:	0.8503
Cumulant 1st	121.71
Cumulant 2nd	116.47	25.88
Cumulant 3rd	115.72	30.15

Lag time (s)         g2-1
1.250000E-8	0.927432
2.500000E-8	0.863699
3.750000E-8	0.924078
5.000000E-8	0.793257
6.250000E-8	0.894559
7.500000E-8	0.859674
8.750000E-8	0.861015
1.000000E-7	0.871079
1.125000E-7	0.852294
1.250000E-7	0.877117
1.375000E-7	0.847598
1.500000E-7	0.871749
1.625000E-7	0.861015
1.750000E-7	0.851623
1.875000E-7	0.829484
2.000000E-7	0.905964
2.125000E-7	0.805333
2.250000E-7	0.885167
2.375000E-7	0.909319
2.500000E-7	0.836864
2.625000E-7	0.844914
2.750000E-7	0.767763
2.875000E-7	0.887851
3.000000E-7	0.875775
3.125000E-7	0.891205
3.250000E-7	0.841560
3.375000E-7	0.861015
3.500000E-7	0.815396
3.625000E-7	0.853636
3.750000E-7	0.847598
3.875000E-7	0.852965
4.000000E-7	0.852965
4.125000E-7	0.861015
4.250000E-7	0.828142
4.375000E-7	0.863028
4.500000E-7	0.832168
4.625000E-7	0.854977
4.750000E-7	0.862357
4.875000E-7	0.863028
5.000000E-7	0.881813
5.125000E-7	0.938166
5.250000E-7	0.813383
5.375000E-7	0.801978
5.500000E-7	0.831497
5.625000E-7	0.824117
5.750000E-7	0.747637
5.875000E-7	0.817408
6.000000E-7	0.795269
6.125000E-7	0.858332
6.250000E-7	0.788561
6.375000E-7	0.944204
6.500000E-7	0.849610
6.625000E-7	0.867053
6.750000E-7	0.776485
6.875000E-7	0.848269
7.000000E-7	0.849610
7.125000E-7	0.855648
7.250000E-7	0.863028
7.375000E-7	0.810029
7.500000E-7	0.867053
7.625000E-7	0.821434
7.750000E-7	0.844914
7.875000E-7	0.845585
8.000000E-7	0.832168
8.250000E-7	0.885502
8.500000E-7	0.831832
8.750000E-7	0.896572
9.000000E-7	0.862022
9.250000E-7	0.840218
9.500000E-7	0.815731
9.750000E-7	0.820763
1.000000E-6	0.853300
1.025000E-6	0.832168
1.050000E-6	0.832503
1.075000E-6	0.863028
1.100000E-6	0.809693
1.125000E-6	0.859674
1.150000E-6	0.846927
1.175000E-6	0.895566
1.200000E-6	0.835857
1.225000E-6	0.824117
1.250000E-6	0.872756
1.275000E-6	0.862693
1.300000E-6	0.835522
1.325000E-6	0.840218
1.350000E-6	0.842231
1.375000E-6	0.810364
1.400000E-6	0.836864
1.425000E-6	0.825794
1.450000E-6	0.894895
1.475000E-6	0.826130
1.500000E-6	0.840889
1.525000E-6	0.882148
1.550000E-6	0.850617
1.575000E-6	0.866718
1.600000E-6	0.807010
1.650000E-6	0.848604
1.700000E-6	0.882651
1.750000E-6	0.852797
1.800000E-6	0.840721
1.850000E-6	0.857829
1.900000E-6	0.875439
1.950000E-6	0.873091
2.000000E-6	0.864705
2.050000E-6	0.856990
2.100000E-6	0.829149
2.150000E-6	0.859338
2.200000E-6	0.840889
2.250000E-6	0.816234
2.300000E-6	0.854642
2.350000E-6	0.842063
2.400000E-6	0.856655
2.450000E-6	0.870408
2.500000E-6	0.842902
2.550000E-6	0.838206
2.600000E-6	0.842566
2.650000E-6	0.846088
2.700000E-6	0.851120
2.750000E-6	0.807177
2.800000E-6	0.858667
2.850000E-6	0.864873
2.900000E-6	0.811706
2.950000E-6	0.862525
3.000000E-6	0.832839
3.050000E-6	0.843740
3.100000E-6	0.852797
3.150000E-6	0.837535
3.200000E-6	0.835019
3.300000E-6	0.836109
3.400000E-6	0.851372
3.500000E-6	0.828059
3.600000E-6	0.844747
3.700000E-6	0.840554
3.800000E-6	0.846004
3.900000E-6	0.842231
4.000000E-6	0.839463
4.100000E-6	0.846172
4.200000E-6	0.847095
4.300000E-6	0.836612
4.400000E-6	0.863196
4.500000E-6	0.857996
4.600000E-6	0.836696
4.700000E-6	0.842399
4.800000E-6	0.828226
4.900000E-6	0.837283
5.000000E-6	0.844327
5.100000E-6	0.834013
5.200000E-6	0.845166
5.300000E-6	0.823949
5.400000E-6	0.838457
5.500000E-6	0.842734
5.600000E-6	0.863783
5.700000E-6	0.838793
5.800000E-6	0.853216
5.900000E-6	0.836948
6.000000E-6	0.840302
6.100000E-6	0.836193
6.200000E-6	0.841644
6.300000E-6	0.837032
6.400000E-6	0.824704
6.600000E-6	0.843321
6.800000E-6	0.833845
7.000000E-6	0.835774
7.200000E-6	0.837535
7.400000E-6	0.828981
7.600000E-6	0.836361
7.800000E-6	0.840554
8.000000E-6	0.835774
8.200000E-6	0.849443
8.400000E-6	0.849065
8.600000E-6	0.818918
8.800000E-6	0.833551
9.000000E-6	0.814012
9.200000E-6	0.824117
9.400000E-6	0.842860
9.600000E-6	0.848017
9.800000E-6	0.836025
1.000000E-5	0.839422
1.020000E-5	0.827555
1.040000E-5	0.843531
1.060000E-5	0.826088
1.080000E-5	0.823237
1.100000E-5	0.836948
1.120000E-5	0.823530
1.140000E-5	0.825543
1.160000E-5	0.827723
1.180000E-5	0.827304
1.200000E-5	0.838499
1.220000E-5	0.830071
1.240000E-5	0.835438
1.260000E-5	0.833048
1.280000E-5	0.835522
1.320000E-5	0.824683
1.360000E-5	0.824264
1.400000E-5	0.817597
1.440000E-5	0.825962
1.480000E-5	0.824809
1.520000E-5	0.813425
1.560000E-5	0.817953
1.600000E-5	0.821287
1.640000E-5	0.821496
1.680000E-5	0.821392
1.720000E-5	0.819966
1.760000E-5	0.814494
1.800000E-5	0.810867
1.840000E-5	0.818540
1.880000E-5	0.808310
1.920000E-5	0.814515
1.960000E-5	0.820071
2.000000E-5	0.805144
2.040000E-5	0.803739
2.080000E-5	0.814599
2.120000E-5	0.799399
2.160000E-5	0.803530
2.200000E-5	0.819903
2.240000E-5	0.813509
2.280000E-5	0.806737
2.320000E-5	0.800259
2.360000E-5	0.802041
2.400000E-5	0.802712
2.440000E-5	0.788225
2.480000E-5	0.794074
2.520000E-5	0.804892
2.560000E-5	0.792104
2.640000E-5	0.791192
2.720000E-5	0.792334
2.800000E-5	0.797680
2.880000E-5	0.787984
2.960000E-5	0.788424
3.040000E-5	0.789106
3.120000E-5	0.787995
3.200000E-5	0.782890
3.280000E-5	0.780772
3.360000E-5	0.784357
3.440000E-5	0.776390
3.520000E-5	0.778330
3.600000E-5	0.779996
3.680000E-5	0.775458
3.760000E-5	0.777019
3.840000E-5	0.776611
3.920000E-5	0.771506
4.000000E-5	0.774451
4.080000E-5	0.770269
4.160000E-5	0.772858
4.240000E-5	0.761463
4.320000E-5	0.769608
4.400000E-5	0.762679
4.480000E-5	0.759252
4.560000E-5	0.758811
4.640000E-5	0.759839
4.720000E-5	0.752344
4.800000E-5	0.755226
4.880000E-5	0.751337
4.960000E-5	0.761023
5.040000E-5	0.756159
5.120000E-5	0.747627
5.280000E-5	0.738554
5.440000E-5	0.744891
5.600000E-5	0.740876
5.760000E-5	0.735981
5.920000E-5	0.734089
6.080000E-5	0.737396
6.240000E-5	0.725949
6.400000E-5	0.727526
6.560000E-5	0.728580
6.720000E-5	0.724586
6.880000E-5	0.718588
7.040000E-5	0.714433
7.200000E-5	0.706304
7.360000E-5	0.701025
7.520000E-5	0.712782
7.680000E-5	0.701391
7.840000E-5	0.699788
8.000000E-5	0.694369
8.160000E-5	0.697938
8.320000E-5	0.696727
8.480000E-5	0.690087
8.640000E-5	0.687178
8.800000E-5	0.687571
8.960000E-5	0.682743
9.120000E-5	0.681117
9.280000E-5	0.681055
9.440000E-5	0.675881
9.600000E-5	0.670949
9.760000E-5	0.671363
9.920000E-5	0.664527
0.000101	0.660512
0.000102	0.661219
0.000106	0.657335
0.000109	0.648862
0.000112	0.650848
0.000115	0.639478
0.000118	0.640142
0.000122	0.630193
0.000125	0.625155
0.000128	0.621192
0.000131	0.617670
0.000134	0.609513
0.000138	0.609026
0.000141	0.607848
0.000144	0.598687
0.000147	0.597375
0.000150	0.590880
0.000154	0.584458
0.000157	0.579856
0.000160	0.574844
0.000163	0.572418
0.000166	0.568813
0.000170	0.563443
0.000173	0.558753
0.000176	0.553318
0.000179	0.552401
0.000182	0.544571
0.000186	0.544345
0.000189	0.540668
0.000192	0.531160
0.000195	0.530330
0.000198	0.526289
0.000202	0.520373
0.000205	0.519305
0.000211	0.509970
0.000218	0.504457
0.000224	0.495198
0.000230	0.488422
0.000237	0.481403
0.000243	0.474147
0.000250	0.467527
0.000256	0.458086
0.000262	0.453070
0.000269	0.445222
0.000275	0.442348
0.000282	0.431767
0.000288	0.427057
0.000294	0.419615
0.000301	0.414172
0.000307	0.407058
0.000314	0.402374
0.000320	0.394860
0.000326	0.391293
0.000333	0.384972
0.000339	0.378856
0.000346	0.372042
0.000352	0.369968
0.000358	0.360234
0.000365	0.355453
0.000371	0.354418
0.000378	0.346170
0.000384	0.341539
0.000390	0.335692
0.000397	0.330515
0.000403	0.327637
0.000410	0.319862
0.000422	0.312379
0.000435	0.303134
0.000448	0.293009
0.000461	0.283932
0.000474	0.275318
0.000486	0.267750
0.000499	0.258151
0.000512	0.251708
0.000525	0.243538
0.000538	0.238467
0.000550	0.231392
0.000563	0.223836
0.000576	0.219757
0.000589	0.211588
0.000602	0.205994
0.000614	0.199447
0.000627	0.194073
0.000640	0.189065
0.000653	0.184592
0.000666	0.179307
0.000678	0.173354
0.000691	0.168803
0.000704	0.162617
0.000717	0.160543
0.000730	0.155522
0.000742	0.151005
0.000755	0.147900
0.000768	0.142684
0.000781	0.139281
0.000794	0.135579
0.000806	0.132319
0.000819	0.127978
0.000845	0.120730
0.000870	0.111856
0.000896	0.106566
0.000922	0.100282
0.000947	0.094075
0.000973	0.089870
0.000998	0.087391
0.001024	0.081709
0.001050	0.078234
0.001075	0.073626
0.001101	0.069854
0.001126	0.065046
0.001152	0.061678
0.001178	0.059667
0.001203	0.055319
0.001229	0.053345
0.001254	0.050863
0.001280	0.048824
0.001306	0.047529
0.001331	0.043124
0.001357	0.041621
0.001382	0.039902
0.001408	0.036912
0.001434	0.036290
0.001459	0.032174
0.001485	0.029923
0.001510	0.028999
0.001536	0.027535
0.001562	0.025631
0.001587	0.023945
0.001613	0.023564
0.001638	0.021801
0.001690	0.018369
0.001741	0.015700
0.001792	0.013029
0.001843	0.011707
0.001894	0.009202
0.001946	0.008222
0.001997	0.008138
0.002048	0.008166
0.002099	0.006826
0.002150	0.005106
0.002202	0.005023
0.002253	0.003337
0.002304	0.002858
0.002355	0.002315
0.002406	0.001557
0.002458	0.001892
0.002509	0.002659
0.002560	0.002357
0.002611	0.003862
0.002662	0.003484
0.002714	0.004007
0.002765	0.003858
0.002816	0.003838
0.002867	0.002893
0.002918	0.002685
0.002970	0.001658
0.003021	0.003413
0.003072	0.002615
0.003123	0.001991
0.003174	0.002565
0.003226	0.003283
0.003277	0.003624
0.003379	0.002750
0.003482	0.002541
0.003584	0.003128
0.003686	0.002525
0.003789	0.002776
0.003891	0.003372
0.003994	0.003434
0.004096	0.003457
0.004198	0.003012
0.004301	0.003014
0.004403	0.002131
0.004506	0.002300
0.004608	0.003861
0.004710	0.003132
0.004813	0.002315
0.004915	0.001981
0.005018	0.000445
0.005120	0.000452
0.005222	-0.000367
0.005325	-0.002764
0.005427	-0.003429
0.005530	-0.004102
0.005632	-0.003968
0.005734	-0.003303
0.005837	-0.005172
0.005939	-0.006373
0.006042	-0.007819
0.006144	-0.008996
0.006246	-0.008508
0.006349	-0.006638
0.006451	-0.004239
0.006554	-0.003050
0.006758	-0.000479
0.006963	-0.001730
0.007168	-0.001766
0.007373	-0.005015
0.007578	-0.004922
0.007782	-0.003495
0.007987	-0.001712
0.008192	-0.002824
0.008397	-0.005963
0.008602	-0.006009
0.008806	-0.007153
0.009011	-0.009563
0.009216	-0.007047
0.009421	-0.002278
0.009626	-0.002264
0.009830	-0.002748
0.010035	-0.001621
0.010240	-0.000660
0.010445	-0.000819
0.010650	0.000146
0.010854	-0.000806
0.011059	-0.001475
0.011264	-0.003123
0.011469	-0.002511
0.011674	-0.000160
0.011878	0.001681
0.012083	0.002007
0.012288	0.001843
0.012493	0.003176
0.012698	0.004966
0.012902	0.006433
0.013107	0.007238
0.013517	0.002324
0.013926	0.003862
0.014336	0.003935
0.014746	0.001693
0.015155	0.000647
0.015565	-0.001802
0.015974	-0.000271
0.016384	0.000579
0.016794	0.004172
0.017203	0.004880
0.017613	0.001883
0.018022	0.003136
0.018432	0.001792
0.018842	0.003108
0.019251	0.003777
0.019661	0.002114
0.020070	0.002194
0.020480	0.000621
0.020890	-0.000217
0.021299	-0.000412
0.021709	0.000369
0.022118	-0.000753
0.022528	0.001946
0.022938	0.003332
0.023347	0.005137
0.023757	0.003467
0.024166	-0.000437
0.024576	0.001134
0.024986	0.000197
0.025395	-2.740558E-5
0.025805	-0.000572
0.026214	0.003103
0.027034	-0.000326
0.027853	-0.005019
0.028672	-0.004077
0.029491	-0.003906
0.030310	-0.002512
0.031130	-0.001767
0.031949	-0.001168
0.032768	0.002384
0.033587	0.006314
0.034406	0.007366
0.035226	0.003929
0.036045	-0.001940
0.036864	0.001620
0.037683	0.005771
0.038502	0.003451
0.039322	0.002312
0.040141	0.001357
0.040960	0.004235
0.041779	0.002863
0.042598	-0.000460
0.043418	-0.001233
0.044237	-0.002008
0.045056	-0.004947
0.045875	-0.001638
0.046694	-0.001063
0.047514	0.003692
0.048333	0.003609
0.049152	0.000490
0.049971	-0.002242
0.050790	-0.001325
0.051610	-0.001360
0.052429	0.003168
0.054067	-0.004721
0.055706	-0.000188
0.057344	0.002636
0.058982	0.002101
0.060621	0.000207
0.062259	-0.000305
0.063898	0.001692
0.065536	0.000378
0.067174	-0.001542
0.068813	0.002363
0.070451	0.006275
0.072090	-0.000338
0.073728	-0.000728
0.075366	0.002869
0.077005	0.003254
0.078643	0.002062
0.080282	0.002620
0.081920	0.002526
0.083558	0.000752
0.085197	-0.001927
0.086835	-0.006693
0.088474	0.002577
0.090112	0.008262
0.091750	-0.002304
0.093389	0.000637
0.095027	0.002731
0.096666	-0.001059
0.098304	0.001166
0.099942	0.000450
0.101581	3.317482E-6
0.103219	-0.001755
0.104858	-0.003946
0.108134	0.000820
0.111411	-0.004868
0.114688	0.001699
0.117965	0.001309
0.121242	-0.001476
0.124518	-0.000869
0.127795	0.000387
0.131072	0.002756
0.134349	-0.000358
0.137626	0.000548
0.140902	0.003082
0.144179	0.001043
0.147456	0.003962
0.150733	0.004239
0.154010	0.001989
0.157286	0.001861
0.160563	-0.000542
0.163840	0.000160
0.167117	0.000714
0.170394	-0.000889
0.173670	0.001354
0.176947	0.000751
0.180224	-0.000229
0.183501	-0.003936
0.186778	0.000590
0.190054	0.001948
0.193331	-0.004699
0.196608	0.000839
0.199885	0.000255
0.203162	-0.001191
0.206438	0.004554
0.209715	-0.003890
0.216269	0.004344
0.222822	5.261311E-5
0.229376	0.000107
0.235930	0.002661
0.242483	-0.001610
0.249037	-0.000616
0.255590	-0.001087
0.262144	0.002708
0.268698	0.000605
0.275251	-0.001264
0.281805	-0.002656
0.288358	0.000998
0.294912	0.000140
0.301466	-0.003630
0.308019	0.001998
0.314573	-0.002713
0.321126	0.001496
0.327680	-0.004728
0.334234	0.001147
0.340787	-0.000416
0.347341	-0.001935
0.353894	-0.000410
0.360448	0.001808
0.367002	-6.926029E-5
0.373555	-0.001831
0.380109	-0.002120
0.386662	-0.000125
0.393216	-0.001463
0.399770	-7.911933E-5
0.406323	-0.000221
0.412877	-0.000754
0.419430	-0.002875
0.432538	0.000995
0.445645	0.000243
0.458752	0.001919
0.471859	-0.003208
0.484966	-0.001076
0.498074	0.000657
0.511181	-0.002651
0.524288	0.001341
0.537395	-0.000826
0.550502	0.001676
0.563610	0.001535
0.576717	3.032266E-5
0.589824	-0.002072
0.602931	1.810627E-5
0.616038	-0.000831
0.629146	-0.000469
0.642253	-0.000530
0.655360	-0.001616
0.668467	-0.000788
0.681574	-0.001247
0.694682	0.002311
0.707789	0.000649
0.720896	-0.000138
0.734003	-0.000617
0.747110	-0.001636
0.760218	0.000671
0.773325	0.001847
0.786432	-0.001542
0.799539	-0.001098
0.812646	0.001000
0.825754	0.002382
0.838861	0.000233
0.865075	-0.001553
0.891290	0.001019
0.917504	0.001511
0.943718	0.001083
0.969933	0.000147
0.996147	-0.000548
1.022362	0.000826
1.048576	6.710012E-6
1.074790	-0.000960
1.101005	-1.550487E-5
1.127219	-0.000390
1.153434	-9.208126E-5
1.179648	0.000224
1.205862	-0.000502
1.232077	0.000343
1.258291	0.000353
1.284506	-0.001304
1.310720	0.000171
1.336934	-0.000486
1.363149	0.000473
1.389363	0.001714
1.415578	-0.001662
1.441792	0.001515
1.468006	0.001115
1.494221	-0.001526
1.520435	-3.919092E-5
1.546650	0.000450
1.572864	0.000404
1.599078	-0.001436
1.625293	-0.000851
1.651507	-6.666122E-5
1.677722	0.000354
1.730150	2.883616E-5
1.782579	-0.001215
1.835008	0.000652
1.887437	-1.141808E-5
1.939866	-0.001195
1.992294	-0.000847
2.044723	-0.000221
2.097152	0.000454
2.149581	0.000832
2.202010	0.000456
2.254438	0.000311
2.306867	-0.000128
2.359296	-9.389965E-6
2.411725	0.000572
2.464154	-0.001612
2.516582	-0.000410
2.569011	0.001094
2.621440	0.001084
2.673869	0.000454
2.726298	-0.000549
2.778726	-0.000782
2.831155	-0.000176
2.883584	8.305185E-5
2.936013	-0.000553
2.988442	-0.001887
3.040870	-0.000453
3.093299	0.000310
3.145728	-0.000751
3.198157	0.001030
3.250586	-0.000258
3.303015	6.453187E-5
3.355443	-0.001073
3.460301	-8.769421E-5
3.565158	0.001310
3.670016	-0.000346
3.774873	0.000118
3.879731	-0.000240
3.984589	-0.000712
4.089447	1.489294E-5
4.194304	-0.000774
4.299161	-7.561764E-5
4.404019	0.000973
4.508877	0.000209
4.613734	-0.000504
4.718592	0.000680
4.823450	-0.000685
4.928307	-0.000359
5.033165	-0.000616
5.138022	-0.001654
5.242880	0.000688
5.347738	-0.000712
5.452595	-9.224253E-5
5.557453	-0.000864
5.662311	-0.000126
5.767168	0.000115
5.872025	0.000546
5.976883	0.000137
6.081741	-5.862991E-5
6.186598	0.000609
6.291456	5.859801E-5
6.396314	-0.000666
6.501171	-0.000377
6.606029	-0.000578
6.710886	0.000167
6.920601	0.000510
7.130317	0.000434
7.340032	0.000208
7.549747	-9.128369E-5
7.759462	1.674768E-5
7.969178	-0.000257
8.178893	1.766165E-5
8.388608	4.137656E-5
8.598323	0.000182
8.808039	0.000209
9.017754	-0.000457
9.227468	0.000311
9.437184	-0.000633
9.646899	0.000740
9.856614	0.000322
10.066330	-0.000309
10.276045	4.010600E-6
10.485760	-0.000717
10.695476	0.000447
10.905190	3.705048E-5
11.114905	0.000494
11.324621	0.000737
11.534336	-0.000311
11.744051	0.000381
11.953767	0.000205
12.163482	0.000478
12.373197	-0.000519
12.582912	-0.000958
12.792627	0.000584
13.002342	-0.000159
13.212058	0.000553
13.421773	-0.000819
13.841203	-0.000101
14.260633	4.700677E-5
14.680064	-8.284166E-5
15.099494	0.000426
15.518925	0.000243
15.938355	0.000241
16.357786	-0.000401
16.777216	-0.000165
17.196646	-2.948175E-5
17.616077	-0.000195
18.035507	9.454163E-5
18.454937	5.268063E-5
18.874369	-5.932533E-6
19.293798	0.000000
19.713228	NaN
20.132660	NaN
20.552090	NaN
20.971519	NaN
21.390951	NaN
21.810381	NaN
22.229811	NaN
22.649242	NaN
23.068672	NaN
23.488102	NaN
23.907534	NaN
24.326963	NaN
24.746393	NaN
25.165825	NaN
25.585255	NaN
26.004684	NaN
26.424116	NaN
26.843546	NaN
27.682405	NaN
28.521267	NaN
29.360128	NaN
30.198988	NaN
31.037849	NaN
31.876711	NaN
32.715572	NaN
33.554432	NaN
34.393291	NaN
35.232155	NaN
36.071014	NaN
36.909874	NaN
37.748737	NaN
38.587597	NaN
39.426456	NaN
40.265320	NaN
41.104179	NaN
41.943039	NaN
42.781902	NaN
43.620762	NaN
44.459621	NaN
45.298485	NaN
46.137344	NaN
46.976204	NaN
47.815067	NaN
48.653927	NaN
49.492786	NaN
50.331650	NaN
51.170509	NaN
52.009369	NaN
52.848232	NaN
53.687092	NaN
55.364811	NaN
57.042534	NaN
58.720257	NaN
60.397976	NaN
62.075699	NaN
63.753422	NaN
65.431145	NaN
67.108864	NaN
68.786583	NaN
70.464310	NaN
72.142029	NaN
73.819748	NaN
75.497475	NaN
77.175194	NaN
78.852913	NaN
80.530640	NaN
82.208359	NaN
83.886078	NaN
85.563805	NaN
87.241524	NaN
88.919243	NaN
90.596970	NaN
92.274689	NaN
93.952408	NaN
95.630135	NaN
97.307854	NaN
98.985573	NaN
100.663300	NaN
102.341019	NaN
104.018738	NaN
105.696465	NaN
107.374184	NaN
110.729622	NaN
114.085068	NaN
117.440514	NaN
120.795952	NaN
124.151398	NaN
127.506844	NaN
130.862289	NaN
134.217728	NaN
137.573166	NaN
140.928619	NaN
144.284058	NaN
147.639496	NaN
150.994949	NaN
154.350388	NaN
157.705826	NaN
161.061279	NaN
164.416718	NaN
167.772156	NaN
171.127609	NaN
174.483047	NaN
177.838486	NaN
181.193939	NaN
184.549377	NaN
187.904816	NaN
191.260269	NaN
194.615707	NaN
197.971146	NaN
201.326599	NaN
204.682037	NaN
208.037476	NaN
211.392929	NaN
214.748367	NaN
221.459244	NaN
228.170135	NaN
234.881027	NaN
241.591904	NaN
248.302795	NaN
255.013687	NaN
261.724579	NaN
268.435455	NaN
275.146332	NaN
281.857239	NaN
288.568115	NaN
295.278992	NaN
301.989899	NaN
308.700775	NaN
315.411652	NaN
322.122559	NaN
328.833435	NaN
335.544312	NaN
342.255219	NaN
348.966095	NaN
355.676971	NaN
362.387878	NaN
369.098755	NaN
375.809631	NaN
382.520538	NaN
389.231415	NaN
395.942291	NaN
402.653198	NaN
409.364075	NaN
416.074951	NaN
422.785858	NaN
429.496735	NaN
442.918488	NaN
456.340271	NaN
469.762054	NaN
483.183807	NaN
496.605591	NaN
510.027374	NaN
523.449158	NaN
536.870911	NaN
550.292664	NaN
563.714478	NaN
577.136230	NaN
590.557983	NaN
603.979797	NaN
617.401550	NaN
630.823303	NaN
644.245117	NaN
657.666870	NaN
671.088623	NaN
684.510437	NaN
697.932190	NaN
711.353943	NaN
724.775757	NaN
738.197510	NaN
751.619263	NaN
765.041077	NaN
778.462830	NaN
791.884583	NaN
805.306396	NaN
818.728149	NaN
832.149902	NaN
845.571716	NaN
858.993469	NaN
885.836975	NaN
912.680542	NaN
939.524109	NaN
966.367615	NaN
993.211182	NaN
1020.054749	NaN
1046.898315	NaN
1073.741821	NaN
1100.585327	NaN
1127.428955	NaN
1154.272461	NaN
1181.115967	NaN
1207.959595	NaN
1234.803101	NaN
1261.646606	NaN
1288.490234	NaN
1315.333740	NaN
1342.177246	NaN
1369.020874	NaN
1395.864380	NaN
1422.707886	NaN
1449.551514	NaN
1476.395020	NaN
1503.238525	NaN
1530.082153	NaN
1556.925659	NaN
1583.769165	NaN
1610.612793	NaN
1637.456299	NaN
1664.299805	NaN
1691.143433	NaN
1717.986938	NaN
1771.673950	NaN
1825.361084	NaN
1879.048218	NaN
1932.735229	NaN
1986.422363	NaN
2040.109497	NaN
2093.796631	NaN
2147.483643	NaN
2201.170654	NaN
2254.857910	NaN
2308.544922	NaN
2362.231934	NaN
2415.919189	NaN
2469.606201	NaN
2523.293213	NaN
2576.980469	NaN
2630.667480	NaN
2684.354492	NaN
2738.041748	NaN
2791.728760	NaN
2845.415771	NaN
2899.103027	NaN
2952.790039	NaN
3006.477051	NaN
3060.164307	NaN
3113.851318	NaN
3167.538330	NaN
3221.225586	NaN
3274.912598	NaN
3328.599609	NaN
3382.286865	NaN
3435.973877	NaN
0.000000	NaN
0.000000	NaN
0.000000	NaN
0.000000	NaN
0.000000	NaN
0.000000	NaN
0.000000	NaN
0.000000	NaN
0.000000	NaN
0.000000	NaN
0.000000	NaN
0.000000	NaN
0.000000	NaN
0.000000	NaN
0.000000	NaN
0.000000	NaN
0.000000	NaN
0.000000	NaN
0.000000	NaN
0.000000	NaN
0.000000	NaN
0.000000	NaN
0.000000	NaN
0.000000	NaN
0.000000	NaN
0.000000	NaN
0.000000	NaN
0.000000	NaN
0.000000	NaN
0.000000	NaN
0.000000	NaN
0.000000	NaN

Count Rate History (KHz)  CR CHA / CR CHB
0.000000	75.626373	76.551437
0.104858	74.787140	75.054169
0.209715	71.640015	72.622299
0.314573	88.186264	92.754364
0.419430	86.965561	85.792542
0.524288	80.480576	79.565048
0.629146	70.085526	69.484711
0.734003	77.943802	79.259872
0.838861	82.578659	81.253052
0.943718	60.291290	60.672760
1.048576	81.720352	81.758499
1.153434	81.949234	82.511902
1.258291	83.065033	81.462860
1.363149	70.981979	69.780350
1.468006	83.808899	88.424683
1.572864	71.496964	67.958832
1.677722	80.442429	79.088211
1.782579	79.584122	81.176758
1.887437	77.009201	77.714920
1.992294	75.702667	74.834824
2.097152	76.646805	74.892044
2.202010	66.728592	64.964294
2.306867	72.879791	73.947906
2.411725	71.792603	73.566437
2.516582	74.377060	77.753067
2.621440	86.860657	87.289810
2.726298	66.194534	67.501068
2.831155	77.638626	77.438354
2.936013	80.833435	81.443787
3.040870	87.013245	88.634491
3.145728	72.193146	74.472427
3.250586	77.161789	74.739456
3.355443	78.477859	76.656342
3.460301	74.949265	80.909729
3.565158	84.667206	83.770752
3.670016	74.996948	76.589584
3.774874	75.855255	75.416565
3.879731	70.562363	70.800781
3.984589	74.310303	75.550079
4.089446	84.772110	84.857941
4.194304	72.507858	70.381165
4.299162	66.194534	67.043304
4.404019	92.964172	93.851089
4.508877	75.664520	75.902939
4.613734	85.086823	84.524155
4.718592	83.580017	83.141327
4.823450	72.870255	74.338913
4.928307	87.909698	96.254349
5.033165	87.385178	84.333420
5.138022	75.159073	80.814362
5.242880	84.562302	76.951981
5.347738	72.746277	69.980621
5.452595	70.085526	73.413849
5.557453	70.362091	68.607330
5.662310	74.596405	77.438354
5.767168	76.150894	75.969696
5.872026	77.667236	78.182220
5.976883	72.221756	73.328018
6.081741	78.849792	83.360672
6.186598	79.078674	79.135895
6.291456	79.908371	77.171326
6.396314	74.615479	73.060989
6.501171	87.423325	86.956024
6.606029	73.976517	72.555542
6.710886	79.574585	80.099106
6.815744	71.506500	69.961548
6.920602	72.116852	74.234009
7.025459	87.280273	91.323853
7.130317	78.344345	78.554153
7.235174	75.979233	73.947906
7.340032	75.054169	76.646805
7.444890	72.231293	71.859360
7.549747	77.877045	80.013275
7.654605	68.397522	64.840317
7.759462	80.051422	79.784393
7.864320	79.765320	78.420639
7.969178	72.422028	74.911118
8.074035	62.685013	61.683655
8.178893	69.761276	68.731308
8.283750	74.100494	73.251724
8.388608	72.202682	70.343018
8.493466	81.157684	79.030991
8.598323	69.484711	66.299438
8.703181	81.911087	81.043243
8.808038	84.552765	85.859299
8.912896	85.287094	83.837509
9.017754	72.965622	77.142715
9.122611	81.472397	79.793930
9.227469	74.157715	72.135925
9.332326	76.951981	78.945160
9.437184	73.547363	73.328018
9.542042	75.492859	73.032379
9.646899	84.056854	85.172653
9.751757	68.798065	67.567825
9.856614	72.984695	72.460175
9.961472	79.078674	80.890656
10.066330	80.823898	79.898834
10.171187	76.160431	76.017380
10.276045	75.683594	78.144073
10.380902	71.229935	71.592331
10.485760	70.924759	68.931580
10.590618	76.885223	75.368881
10.695475	77.095032	78.983307
10.800333	75.016022	72.450638
10.905190	78.144073	82.750320
11.010048	89.168549	85.992813
11.114906	83.160400	84.667206
11.219763	72.422028	73.957443
11.324621	76.742172	79.259872
11.429478	80.528259	80.852509
11.534336	88.195801	86.812973
11.639194	76.436996	75.759888
11.744051	83.808899	86.326599
11.848909	78.029633	77.381134
11.953766	73.747635	72.040558
12.058624	80.156326	77.219009
12.163482	74.424744	77.457428
12.268339	105.314255	106.229782
12.373197	85.439682	84.362030
12.478054	78.516006	79.030991
12.582912	86.641312	86.688995
12.687770	71.449280	74.443817
12.792627	77.438354	77.753067
12.897485	66.461563	69.808960
13.002342	84.943771	80.480576
13.107200	78.611374	79.612732
13.212058	89.445114	93.688965
13.316915	80.842972	74.930191
13.421773	76.189041	78.973770
13.526630	76.789856	73.604584
13.631488	79.889297	76.704025
13.736346	76.360703	76.942444
13.841203	72.698593	73.909760
13.946061	77.962875	73.280334
14.050918	71.573257	71.754456
14.155776	78.649521	77.695847
14.260634	78.172684	78.105927
14.365491	73.928833	73.633194
14.470349	74.863434	73.127747
14.575206	70.495605	70.772171
14.680064	82.597733	81.300735
14.784922	86.126328	88.090897
14.889779	88.663101	86.364746
14.994637	75.206757	76.007843
15.099494	77.810287	77.342987
15.204352	70.199966	69.532394
15.309210	71.792603	72.755814
15.414067	72.183609	72.441101
15.518925	73.032379	69.341660
15.623782	74.968338	76.999664
15.728640	85.735321	85.391998
15.833498	102.338791	105.886459
15.938355	88.300705	86.307526
16.043213	74.520111	78.525543
16.148070	79.975128	76.770782
16.252928	77.791214	76.713562
16.357786	79.774857	79.660416
16.462643	72.984695	71.048737
16.567501	74.844360	74.672699
16.672358	78.916550	80.442429
16.777216	81.844330	81.901550
16.882074	73.661804	72.631836
16.986931	80.299377	81.377029
17.091789	67.710876	66.175461
17.196646	72.660446	73.699951
17.301504	78.573227	77.304840
17.406362	66.165924	68.645477
17.511219	72.851181	69.150925
17.616077	72.822571	73.289871
17.720934	81.920624	81.853867
17.825792	69.284439	69.856644
17.930650	81.424713	81.110001
18.035507	83.847046	83.913803
18.140365	70.075989	69.322586
18.245222	71.554184	70.714951
18.350080	70.552826	71.010590
18.454938	72.546005	74.110031
18.559795	86.154938	81.272125
18.664653	88.253021	87.404251
18.769510	77.686310	75.826645
18.874368	70.056915	66.442490
18.979226	75.407028	74.844360
19.084083	83.656311	81.081390
19.188941	82.130432	83.370209
19.293798	76.274872	75.769424
19.398656	84.199905	84.352493
19.503514	77.791214	77.676773
19.608371	65.965652	67.138672
19.713229	75.740814	75.378418
19.818086	64.897537	67.138672
