1/9/2026	8:30 AM
Pseudo Cross Correlation
Scattering angle:	90.0
Duration (s):	20
Wavelength (nm):	632.8
Refractive index:	1.330
Viscosity (mPas):	0.884
Temperature (K):	298.4
Laser intensity (mW):	8.629994
Average Count rate  A (kHz):	51.3
Average Count rate  B (kHz):	54.4
Intercept:	0.9214
Cumulant 1st	142.13
Cumulant 2nd	123.59	44.85
Cumulant 3rd	123.33	45.60

Lag time (s)         g2-1
1.250000E-8	0.854289
2.500000E-8	0.971106
3.750000E-8	0.920830
5.000000E-8	0.971106
6.250000E-8	0.894213
7.500000E-8	1.058349
8.750000E-8	0.951883
1.000000E-7	0.934138
1.125000E-7	0.960755
1.250000E-7	1.039126
1.375000E-7	0.932660
1.500000E-7	0.948925
1.625000E-7	0.900128
1.750000E-7	0.886820
1.875000E-7	0.957798
2.000000E-7	0.944489
2.125000E-7	0.866118
2.250000E-7	0.962234
2.375000E-7	0.909001
2.500000E-7	0.866118
2.625000E-7	0.941532
2.750000E-7	1.042083
2.875000E-7	0.971106
3.000000E-7	0.891256
3.125000E-7	0.923787
3.250000E-7	0.897171
3.375000E-7	1.028775
3.500000E-7	0.907522
3.625000E-7	0.934138
3.750000E-7	0.889777
3.875000E-7	0.960755
4.000000E-7	0.948925
4.125000E-7	0.873512
4.250000E-7	0.830629
4.375000E-7	0.938574
4.500000E-7	0.937096
4.625000E-7	0.937096
4.750000E-7	0.943011
4.875000E-7	0.917873
5.000000E-7	1.006595
5.125000E-7	0.971106
5.250000E-7	1.042083
5.375000E-7	0.914915
5.500000E-7	0.894213
5.625000E-7	0.891256
5.750000E-7	0.916394
5.875000E-7	0.839502
6.000000E-7	0.945968
6.125000E-7	0.858725
6.250000E-7	0.909001
6.375000E-7	0.851331
6.500000E-7	0.947447
6.625000E-7	0.914915
6.750000E-7	0.928224
6.875000E-7	0.858725
7.000000E-7	0.951883
7.125000E-7	0.895692
7.250000E-7	0.911958
7.375000E-7	0.914915
7.500000E-7	0.960755
7.625000E-7	0.965191
7.750000E-7	0.990329
7.875000E-7	0.916394
8.000000E-7	0.885341
8.250000E-7	0.955580
8.500000E-7	0.945229
8.750000E-7	0.984414
9.000000E-7	0.889038
9.250000E-7	0.940053
9.500000E-7	0.886081
9.750000E-7	0.951883
1.000000E-6	0.844677
1.025000E-6	1.021382
1.050000E-6	0.917873
1.075000E-6	0.920091
1.100000E-6	0.890517
1.125000E-6	0.928224
1.150000E-6	0.897171
1.175000E-6	0.928963
1.200000E-6	0.940793
1.225000E-6	0.928963
1.250000E-6	0.866858
1.275000E-6	0.942271
1.300000E-6	0.908261
1.325000E-6	0.852810
1.350000E-6	0.872772
1.375000E-6	0.902346
1.400000E-6	0.990329
1.425000E-6	0.964452
1.450000E-6	0.866858
1.475000E-6	0.950404
1.500000E-6	0.949665
1.525000E-6	0.872033
1.550000E-6	0.937835
1.575000E-6	0.923048
1.600000E-6	0.927484
1.650000E-6	0.899019
1.700000E-6	0.894953
1.750000E-6	0.923418
1.800000E-6	0.955210
1.850000E-6	0.977760
1.900000E-6	0.874990
1.950000E-6	0.897910
2.000000E-6	0.910479
2.050000E-6	0.929333
2.100000E-6	0.873142
2.150000E-6	0.906043
2.200000E-6	0.940793
2.250000E-6	0.919721
2.300000E-6	0.913067
2.350000E-6	0.945968
2.400000E-6	0.872772
2.450000E-6	0.895323
2.500000E-6	0.927115
2.550000E-6	0.883123
2.600000E-6	0.913437
2.650000E-6	0.925266
2.700000E-6	0.941162
2.750000E-6	0.905304
2.800000E-6	0.952252
2.850000E-6	0.913067
2.900000E-6	0.897171
2.950000E-6	0.935247
3.000000E-6	0.921569
3.050000E-6	0.892735
3.100000E-6	0.898280
3.150000E-6	0.911958
3.200000E-6	0.874990
3.300000E-6	0.907891
3.400000E-6	0.950774
3.500000E-6	0.912697
3.600000E-6	0.909925
3.700000E-6	0.899204
3.800000E-6	0.884047
3.900000E-6	0.947077
4.000000E-6	0.914361
4.100000E-6	0.927669
4.200000E-6	0.916764
4.300000E-6	0.900868
4.400000E-6	0.938205
4.500000E-6	0.910294
4.600000E-6	0.921015
4.700000E-6	0.933769
4.800000E-6	0.921939
4.900000E-6	0.918797
5.000000E-6	0.884232
5.100000E-6	0.922494
5.200000E-6	0.919906
5.300000E-6	0.933584
5.400000E-6	0.879981
5.500000E-6	0.926930
5.600000E-6	0.922309
5.700000E-6	0.922494
5.800000E-6	0.910294
5.900000E-6	0.890886
6.000000E-6	0.906782
6.100000E-6	0.900683
6.200000E-6	0.948371
6.300000E-6	0.896062
6.400000E-6	0.915470
6.600000E-6	0.900960
6.800000E-6	0.890055
7.000000E-6	0.899481
7.200000E-6	0.905951
7.400000E-6	0.916948
7.600000E-6	0.906690
7.800000E-6	0.913252
8.000000E-6	0.934970
8.200000E-6	0.921015
8.400000E-6	0.913991
8.600000E-6	0.933584
8.800000E-6	0.890886
9.000000E-6	0.879796
9.200000E-6	0.928131
9.400000E-6	0.911034
9.600000E-6	0.927946
9.800000E-6	0.910572
1.000000E-5	0.917411
1.020000E-5	0.893474
1.040000E-5	0.909278
1.060000E-5	0.892180
1.080000E-5	0.894768
1.100000E-5	0.918335
1.120000E-5	0.925543
1.140000E-5	0.901607
1.160000E-5	0.895045
1.180000E-5	0.916764
1.200000E-5	0.898465
1.220000E-5	0.902254
1.240000E-5	0.892920
1.260000E-5	0.923510
1.280000E-5	0.914361
1.320000E-5	0.901376
1.360000E-5	0.906782
1.400000E-5	0.909047
1.440000E-5	0.895600
1.480000E-5	0.897448
1.520000E-5	0.899528
1.560000E-5	0.907522
1.600000E-5	0.888992
1.640000E-5	0.905026
1.680000E-5	0.917041
1.720000E-5	0.894722
1.760000E-5	0.924203
1.800000E-5	0.891164
1.840000E-5	0.893982
1.880000E-5	0.896247
1.920000E-5	0.904102
1.960000E-5	0.895646
2.000000E-5	0.883447
2.040000E-5	0.875175
2.080000E-5	0.880212
2.120000E-5	0.901284
2.160000E-5	0.903271
2.200000E-5	0.907198
2.240000E-5	0.895692
2.280000E-5	0.892365
2.320000E-5	0.895507
2.360000E-5	0.893474
2.400000E-5	0.874297
2.440000E-5	0.883585
2.480000E-5	0.878918
2.520000E-5	0.882523
2.560000E-5	0.896108
2.640000E-5	0.890933
2.720000E-5	0.879149
2.800000E-5	0.890725
2.880000E-5	0.890794
2.960000E-5	0.872819
3.040000E-5	0.889177
3.120000E-5	0.876515
3.200000E-5	0.887167
3.280000E-5	0.884856
3.360000E-5	0.880882
3.440000E-5	0.867135
3.520000E-5	0.863808
3.600000E-5	0.870808
3.680000E-5	0.863369
3.760000E-5	0.866603
3.840000E-5	0.867227
3.920000E-5	0.868914
4.000000E-5	0.865864
4.080000E-5	0.864455
4.160000E-5	0.853642
4.240000E-5	0.861982
4.320000E-5	0.882268
4.400000E-5	0.860365
4.480000E-5	0.857569
4.560000E-5	0.863207
4.640000E-5	0.877324
4.720000E-5	0.856045
4.800000E-5	0.861590
4.880000E-5	0.851840
4.960000E-5	0.859164
5.040000E-5	0.853503
5.120000E-5	0.872495
5.280000E-5	0.858475
5.440000E-5	0.842545
5.600000E-5	0.848495
5.760000E-5	0.846646
5.920000E-5	0.839588
6.080000E-5	0.840466
6.240000E-5	0.841506
6.400000E-5	0.845156
6.560000E-5	0.839138
6.720000E-5	0.827563
6.880000E-5	0.826650
7.040000E-5	0.831294
7.200000E-5	0.846900
7.360000E-5	0.825322
7.520000E-5	0.822110
7.680000E-5	0.822145
7.840000E-5	0.820595
8.000000E-5	0.825459
8.160000E-5	0.822883
8.320000E-5	0.821903
8.480000E-5	0.816785
8.640000E-5	0.814602
8.800000E-5	0.820412
8.960000E-5	0.813135
9.120000E-5	0.810212
9.280000E-5	0.811506
9.440000E-5	0.804806
9.600000E-5	0.805406
9.760000E-5	0.797540
9.920000E-5	0.802875
0.000101	0.796255
0.000102	0.795851
0.000106	0.793024
0.000109	0.790938
0.000112	0.788830
0.000115	0.781639
0.000118	0.776279
0.000122	0.779051
0.000125	0.769319
0.000128	0.771527
0.000131	0.762135
0.000134	0.769390
0.000138	0.755129
0.000141	0.761552
0.000144	0.752738
0.000147	0.753437
0.000150	0.754095
0.000154	0.742403
0.000157	0.740178
0.000160	0.738066
0.000163	0.734576
0.000166	0.740658
0.000170	0.730555
0.000173	0.724387
0.000176	0.725617
0.000179	0.724202
0.000182	0.721389
0.000186	0.716264
0.000189	0.713653
0.000192	0.706791
0.000195	0.704914
0.000198	0.704533
0.000202	0.700744
0.000205	0.698139
0.000211	0.692698
0.000218	0.686424
0.000224	0.681286
0.000230	0.673351
0.000237	0.664339
0.000243	0.658640
0.000250	0.658218
0.000256	0.649641
0.000262	0.645852
0.000269	0.639949
0.000275	0.635476
0.000282	0.629428
0.000288	0.625115
0.000294	0.617511
0.000301	0.613768
0.000307	0.607120
0.000314	0.603384
0.000320	0.596955
0.000326	0.590699
0.000333	0.587648
0.000339	0.580999
0.000346	0.582195
0.000352	0.577263
0.000358	0.564529
0.000365	0.559234
0.000371	0.559413
0.000378	0.554668
0.000384	0.550702
0.000390	0.548723
0.000397	0.542516
0.000403	0.534202
0.000410	0.533017
0.000422	0.521786
0.000435	0.517207
0.000448	0.508015
0.000461	0.498214
0.000474	0.490510
0.000486	0.482272
0.000499	0.477826
0.000512	0.467602
0.000525	0.460178
0.000538	0.450704
0.000550	0.445547
0.000563	0.438515
0.000576	0.432844
0.000589	0.427364
0.000602	0.417734
0.000614	0.409981
0.000627	0.405438
0.000640	0.399076
0.000653	0.393261
0.000666	0.384705
0.000678	0.376117
0.000691	0.371799
0.000704	0.366071
0.000717	0.360768
0.000730	0.354865
0.000742	0.350865
0.000755	0.343049
0.000768	0.339727
0.000781	0.334003
0.000794	0.332263
0.000806	0.322907
0.000819	0.321071
0.000845	0.309732
0.000870	0.301988
0.000896	0.294136
0.000922	0.281023
0.000947	0.271349
0.000973	0.267127
0.000998	0.258915
0.001024	0.249939
0.001050	0.245964
0.001075	0.236739
0.001101	0.229016
0.001126	0.222658
0.001152	0.217751
0.001178	0.212577
0.001203	0.204715
0.001229	0.200254
0.001254	0.196128
0.001280	0.189780
0.001306	0.186019
0.001331	0.181158
0.001357	0.175863
0.001382	0.173075
0.001408	0.167601
0.001434	0.163153
0.001459	0.156755
0.001485	0.155526
0.001510	0.152133
0.001536	0.148681
0.001562	0.143269
0.001587	0.139897
0.001613	0.136218
0.001638	0.130926
0.001690	0.124263
0.001741	0.119137
0.001792	0.113026
0.001843	0.107751
0.001894	0.102614
0.001946	0.099221
0.001997	0.095002
0.002048	0.091448
0.002099	0.087509
0.002150	0.083006
0.002202	0.079799
0.002253	0.078716
0.002304	0.074896
0.002355	0.073516
0.002406	0.071976
0.002458	0.068540
0.002509	0.066574
0.002560	0.063384
0.002611	0.061364
0.002662	0.058800
0.002714	0.058202
0.002765	0.055533
0.002816	0.055215
0.002867	0.053778
0.002918	0.054004
0.002970	0.050462
0.003021	0.049903
0.003072	0.047783
0.003123	0.045426
0.003174	0.042960
0.003226	0.044509
0.003277	0.044090
0.003379	0.038901
0.003482	0.035072
0.003584	0.033932
0.003686	0.032487
0.003789	0.031408
0.003891	0.029755
0.003994	0.029101
0.004096	0.028301
0.004198	0.025934
0.004301	0.024843
0.004403	0.025079
0.004506	0.024842
0.004608	0.024185
0.004710	0.024524
0.004813	0.023479
0.004915	0.024612
0.005018	0.025693
0.005120	0.024909
0.005222	0.023694
0.005325	0.024260
0.005427	0.021655
0.005530	0.021071
0.005632	0.021911
0.005734	0.021308
0.005837	0.021228
0.005939	0.020417
0.006042	0.019732
0.006144	0.020520
0.006246	0.020760
0.006349	0.022197
0.006451	0.023610
0.006554	0.025241
0.006758	0.027264
0.006963	0.027804
0.007168	0.029697
0.007373	0.029376
0.007578	0.026842
0.007782	0.025601
0.007987	0.026048
0.008192	0.026266
0.008397	0.024104
0.008602	0.022942
0.008806	0.020842
0.009011	0.018571
0.009216	0.016756
0.009421	0.015863
0.009626	0.016180
0.009830	0.018921
0.010035	0.019413
0.010240	0.020182
0.010445	0.019797
0.010650	0.017974
0.010854	0.019892
0.011059	0.019997
0.011264	0.017718
0.011469	0.017174
0.011674	0.015063
0.011878	0.013198
0.012083	0.016263
0.012288	0.018496
0.012493	0.019460
0.012698	0.020140
0.012902	0.020352
0.013107	0.019321
0.013517	0.023033
0.013926	0.026137
0.014336	0.026281
0.014746	0.026602
0.015155	0.027733
0.015565	0.026587
0.015974	0.026953
0.016384	0.025319
0.016794	0.022588
0.017203	0.025743
0.017613	0.026106
0.018022	0.028677
0.018432	0.029593
0.018842	0.028737
0.019251	0.027942
0.019661	0.028858
0.020070	0.029826
0.020480	0.027339
0.020890	0.024605
0.021299	0.024461
0.021709	0.020800
0.022118	0.020345
0.022528	0.021772
0.022938	0.021014
0.023347	0.021369
0.023757	0.022953
0.024166	0.025192
0.024576	0.028504
0.024986	0.029912
0.025395	0.030628
0.025805	0.027876
0.026214	0.024283
0.027034	0.025152
0.027853	0.030719
0.028672	0.034291
0.029491	0.028165
0.030310	0.019899
0.031130	0.023435
0.031949	0.021197
0.032768	0.019078
0.033587	0.025752
0.034406	0.028445
0.035226	0.031918
0.036045	0.031264
0.036864	0.026703
0.037683	0.019007
0.038502	0.014189
0.039322	0.013711
0.040141	0.019681
0.040960	0.020433
0.041779	0.025428
0.042598	0.024155
0.043418	0.019537
0.044237	0.010960
0.045056	0.009284
0.045875	0.012967
0.046694	0.012699
0.047514	0.009848
0.048333	0.009723
0.049152	0.016161
0.049971	0.023410
0.050790	0.025822
0.051610	0.027083
0.052429	0.025874
0.054067	0.024694
0.055706	0.025333
0.057344	0.023509
0.058982	0.028931
0.060621	0.025118
0.062259	0.018854
0.063898	0.015638
0.065536	0.015358
0.067174	0.013317
0.068813	0.015685
0.070451	0.024653
0.072090	0.022894
0.073728	0.018909
0.075366	0.022178
0.077005	0.019570
0.078643	0.018402
0.080282	0.018132
0.081920	0.022074
0.083558	0.023671
0.085197	0.022155
0.086835	0.029512
0.088474	0.027059
0.090112	0.022106
0.091750	0.022853
0.093389	0.032070
0.095027	0.024549
0.096666	0.022177
0.098304	0.018819
0.099942	0.021805
0.101581	0.023904
0.103219	0.017327
0.104858	0.022021
0.108134	0.019428
0.111411	0.023066
0.114688	0.025102
0.117965	0.018018
0.121242	0.024485
0.124518	0.022310
0.127795	0.027339
0.131072	0.028589
0.134349	0.027214
0.137626	0.021911
0.140902	0.029638
0.144179	0.020797
0.147456	0.016849
0.150733	0.029014
0.154010	0.024072
0.157286	0.021174
0.160563	0.022677
0.163840	0.020138
0.167117	0.021367
0.170394	0.024566
0.173670	0.017662
0.176947	0.024285
0.180224	0.018313
0.183501	0.017053
0.186778	0.022122
0.190054	0.024803
0.193331	0.023513
0.196608	0.026898
0.199885	0.016510
0.203162	0.011863
0.206438	0.010763
0.209715	0.018082
0.216269	0.019043
0.222822	0.014393
0.229376	0.026198
0.235930	0.024886
0.242483	0.020389
0.249037	0.020437
0.255590	0.022489
0.262144	0.018930
0.268698	0.024253
0.275251	0.022541
0.281805	0.026929
0.288358	0.018570
0.294912	0.014803
0.301466	0.019260
0.308019	0.023975
0.314573	0.023155
0.321126	0.018525
0.327680	0.018811
0.334234	0.020573
0.340787	0.013497
0.347341	0.028814
0.353894	0.019801
0.360448	0.016434
0.367002	0.023556
0.373555	0.026412
0.380109	0.022658
0.386662	0.024901
0.393216	0.018626
0.399770	0.024062
0.406323	0.025192
0.412877	0.017752
0.419430	0.024164
0.432538	0.024639
0.445645	0.019686
0.458752	0.020494
0.471859	0.020354
0.484966	0.019099
0.498074	0.025701
0.511181	0.022696
0.524288	0.023824
0.537395	0.024827
0.550502	0.019667
0.563610	0.021688
0.576717	0.022201
0.589824	0.021647
0.602931	0.019637
0.616038	0.023605
0.629146	0.015807
0.642253	0.016387
0.655360	0.023117
0.668467	0.020597
0.681574	0.025814
0.694682	0.023987
0.707789	0.019774
0.720896	0.020896
0.734003	0.023479
0.747110	0.017978
0.760218	0.022686
0.773325	0.022603
0.786432	0.026444
0.799539	0.019583
0.812646	0.021329
0.825754	0.019916
0.838861	0.015452
0.865075	0.018062
0.891290	0.020797
0.917504	0.018805
0.943718	0.018266
0.969933	0.018870
0.996147	0.020469
1.022362	0.021201
1.048576	0.019902
1.074790	0.021237
1.101005	0.021047
1.127219	0.021748
1.153434	0.020077
1.179648	0.019003
1.205862	0.020049
1.232077	0.022000
1.258291	0.019552
1.284506	0.017786
1.310720	0.016318
1.336934	0.016510
1.363149	0.018556
1.389363	0.020153
1.415578	0.018100
1.441792	0.017829
1.468006	0.017900
1.494221	0.018938
1.520435	0.017150
1.546650	0.021008
1.572864	0.016898
1.599078	0.018930
1.625293	0.016237
1.651507	0.015929
1.677722	0.018547
1.730150	0.015172
1.782579	0.018255
1.835008	0.016216
1.887437	0.016698
1.939866	0.016685
1.992294	0.016442
2.044723	0.013607
2.097152	0.017730
2.149581	0.014073
2.202010	0.017243
2.254438	0.017414
2.306867	0.016820
2.359296	0.019618
2.411725	0.012975
2.464154	0.016556
2.516582	0.014044
2.569011	0.016269
2.621440	0.018752
2.673869	0.017627
2.726298	0.013230
2.778726	0.013357
2.831155	0.010258
2.883584	0.011210
2.936013	0.011996
2.988442	0.012440
3.040870	0.011820
3.093299	0.014888
3.145728	0.013153
3.198157	0.009235
3.250586	0.009649
3.303015	0.011681
3.355443	0.012926
3.460301	0.010320
3.565158	0.008732
3.670016	0.009887
3.774873	0.009307
3.879731	0.006895
3.984589	0.007257
4.089447	0.006389
4.194304	0.005130
4.299161	0.007677
4.404019	0.006109
4.508877	0.005201
4.613734	0.005216
4.718592	0.005580
4.823450	0.005261
4.928307	0.003925
5.033165	0.005211
5.138022	0.004739
5.242880	0.005018
5.347738	0.001687
5.452595	0.002815
5.557453	0.002392
5.662311	0.002295
5.767168	0.002494
5.872025	2.813382E-5
5.976883	0.001387
6.081741	-0.000581
6.186598	-0.000927
6.291456	-9.665752E-5
6.396314	-0.000390
6.501171	-0.001585
6.606029	-0.002488
6.710886	-0.001907
6.920601	-0.000188
7.130317	-0.000244
7.340032	0.000926
7.549747	-9.564481E-5
7.759462	0.001081
7.969178	8.250675E-5
8.178893	-0.000139
8.388608	0.001800
8.598323	0.001632
8.808039	-0.000503
9.017754	0.002792
9.227468	0.001111
9.437184	0.003274
9.646899	0.003618
9.856614	0.003027
10.066330	0.002590
10.276045	0.001306
10.485760	0.002089
10.695476	0.001704
10.905190	0.002485
11.114905	0.001833
11.324621	0.000171
11.534336	-0.000160
11.744051	0.000597
11.953767	-0.001086
12.163482	0.003514
12.373197	-0.000510
12.582912	7.120155E-5
12.792627	-0.000508
13.002342	0.000930
13.212058	0.000396
13.421773	-0.000123
13.841203	-0.000939
14.260633	-0.000416
14.680064	0.000522
15.099494	0.000180
15.518925	-0.000816
15.938355	-0.001067
16.357786	0.000290
16.777216	0.001116
17.196646	-0.001884
17.616077	-0.001077
18.035507	0.000186
18.454937	0.000000
18.874369	NaN
19.293798	NaN
19.713228	NaN
20.132660	NaN
20.552090	NaN
20.971519	NaN
21.390951	NaN
21.810381	NaN
22.229811	NaN
22.649242	NaN
23.068672	NaN
23.488102	NaN
23.907534	NaN
24.326963	NaN
24.746393	NaN
25.165825	NaN
25.585255	NaN
26.004684	NaN
26.424116	NaN
26.843546	NaN
27.682405	NaN
28.521267	NaN
29.360128	NaN
30.198988	NaN
31.037849	NaN
31.876711	NaN
32.715572	NaN
33.554432	NaN
34.393291	NaN
35.232155	NaN
36.071014	NaN
36.909874	NaN
37.748737	NaN
38.587597	NaN
39.426456	NaN
40.265320	NaN
41.104179	NaN
41.943039	NaN
42.781902	NaN
43.620762	NaN
44.459621	NaN
45.298485	NaN
46.137344	NaN
46.976204	NaN
47.815067	NaN
48.653927	NaN
49.492786	NaN
50.331650	NaN
51.170509	NaN
52.009369	NaN
52.848232	NaN
53.687092	NaN
55.364811	NaN
57.042534	NaN
58.720257	NaN
60.397976	NaN
62.075699	NaN
63.753422	NaN
65.431145	NaN
67.108864	NaN
68.786583	NaN
70.464310	NaN
72.142029	NaN
73.819748	NaN
75.497475	NaN
77.175194	NaN
78.852913	NaN
80.530640	NaN
82.208359	NaN
83.886078	NaN
85.563805	NaN
87.241524	NaN
88.919243	NaN
90.596970	NaN
92.274689	NaN
93.952408	NaN
95.630135	NaN
97.307854	NaN
98.985573	NaN
100.663300	NaN
102.341019	NaN
104.018738	NaN
105.696465	NaN
107.374184	NaN
110.729622	NaN
114.085068	NaN
117.440514	NaN
120.795952	NaN
124.151398	NaN
127.506844	NaN
130.862289	NaN
134.217728	NaN
137.573166	NaN
140.928619	NaN
144.284058	NaN
147.639496	NaN
150.994949	NaN
154.350388	NaN
157.705826	NaN
161.061279	NaN
164.416718	NaN
167.772156	NaN
171.127609	NaN
174.483047	NaN
177.838486	NaN
181.193939	NaN
184.549377	NaN
187.904816	NaN
191.260269	NaN
194.615707	NaN
197.971146	NaN
201.326599	NaN
204.682037	NaN
208.037476	NaN
211.392929	NaN
214.748367	NaN
221.459244	NaN
228.170135	NaN
234.881027	NaN
241.591904	NaN
248.302795	NaN
255.013687	NaN
261.724579	NaN
268.435455	NaN
275.146332	NaN
281.857239	NaN
288.568115	NaN
295.278992	NaN
301.989899	NaN
308.700775	NaN
315.411652	NaN
322.122559	NaN
328.833435	NaN
335.544312	NaN
342.255219	NaN
348.966095	NaN
355.676971	NaN
362.387878	NaN
369.098755	NaN
375.809631	NaN
382.520538	NaN
389.231415	NaN
395.942291	NaN
402.653198	NaN
409.364075	NaN
416.074951	NaN
422.785858	NaN
429.496735	NaN
442.918488	NaN
456.340271	NaN
469.762054	NaN
483.183807	NaN
496.605591	NaN
510.027374	NaN
523.449158	NaN
536.870911	NaN
550.292664	NaN
563.714478	NaN
577.136230	NaN
590.557983	NaN
603.979797	NaN
617.401550	NaN
630.823303	NaN
644.245117	NaN
657.666870	NaN
671.088623	NaN
684.510437	NaN
697.932190	NaN
711.353943	NaN
724.775757	NaN
738.197510	NaN
751.619263	NaN
765.041077	NaN
778.462830	NaN
791.884583	NaN
805.306396	NaN
818.728149	NaN
832.149902	NaN
845.571716	NaN
858.993469	NaN
885.836975	NaN
912.680542	NaN
939.524109	NaN
966.367615	NaN
993.211182	NaN
1020.054749	NaN
1046.898315	NaN
1073.741821	NaN
1100.585327	NaN
1127.428955	NaN
1154.272461	NaN
1181.115967	NaN
1207.959595	NaN
1234.803101	NaN
1261.646606	NaN
1288.490234	NaN
1315.333740	NaN
1342.177246	NaN
1369.020874	NaN
1395.864380	NaN
1422.707886	NaN
1449.551514	NaN
1476.395020	NaN
1503.238525	NaN
1530.082153	NaN
1556.925659	NaN
1583.769165	NaN
1610.612793	NaN
1637.456299	NaN
1664.299805	NaN
1691.143433	NaN
1717.986938	NaN
1771.673950	NaN
1825.361084	NaN
1879.048218	NaN
1932.735229	NaN
1986.422363	NaN
2040.109497	NaN
2093.796631	NaN
2147.483643	NaN
2201.170654	NaN
2254.857910	NaN
2308.544922	NaN
2362.231934	NaN
2415.919189	NaN
2469.606201	NaN
2523.293213	NaN
2576.980469	NaN
2630.667480	NaN
2684.354492	NaN
2738.041748	NaN
2791.728760	NaN
2845.415771	NaN
2899.103027	NaN
2952.790039	NaN
3006.477051	NaN
3060.164307	NaN
3113.851318	NaN
3167.538330	NaN
3221.225586	NaN
3274.912598	NaN
3328.599609	NaN
3382.286865	NaN
3435.973877	NaN
0.000000	NaN
0.000000	NaN
0.000000	NaN
0.000000	NaN
0.000000	NaN
0.000000	NaN
0.000000	NaN
0.000000	NaN
0.000000	NaN
0.000000	NaN
0.000000	NaN
0.000000	NaN
0.000000	NaN
0.000000	NaN
0.000000	NaN
0.000000	NaN
0.000000	NaN
0.000000	NaN
0.000000	NaN
0.000000	NaN
0.000000	NaN
0.000000	NaN
0.000000	NaN
0.000000	NaN
0.000000	NaN
0.000000	NaN
0.000000	NaN
0.000000	NaN
0.000000	NaN
0.000000	NaN
0.000000	NaN
0.000000	NaN

Count Rate History (KHz)  CR CHA / CR CHB
0.000000	55.141449	56.209564
0.104858	62.408447	68.540573
0.209715	48.179626	50.344467
0.314573	36.449432	37.822723
0.419430	40.082932	41.112900
0.524288	51.927567	54.407120
0.629146	44.927597	44.937134
0.734003	49.333572	52.175522
0.838861	47.521591	50.773621
0.943718	42.285919	44.145584
1.048576	39.558411	41.923523
1.153434	43.373108	44.183731
1.258291	40.025711	40.903091
1.363149	41.666031	45.595169
1.468006	44.164658	43.554306
1.572864	41.246414	42.266846
1.677722	50.973892	54.531097
1.782579	36.573410	40.578842
1.887437	48.713684	49.438477
1.992294	44.860840	45.127869
2.097152	48.456192	52.986145
2.202010	41.284561	42.858124
2.306867	45.661926	47.550201
2.411725	52.108765	55.675507
2.516582	46.682358	52.785873
2.621440	49.133301	49.467087
2.726298	41.198730	42.781830
2.831155	50.849915	54.264069
2.936013	39.062500	41.351318
3.040870	43.497086	45.480728
3.145728	44.174194	45.423508
3.250586	50.249100	53.806305
3.355443	54.521561	55.227280
3.460301	45.566559	47.817230
3.565158	49.915314	50.840378
3.670016	35.200119	37.031174
3.774874	43.029785	44.231415
3.879731	44.736862	44.889450
3.984589	45.270920	45.919418
4.089446	43.144226	44.794083
4.194304	49.467087	49.037933
4.299162	44.059753	47.969818
4.404019	42.552948	42.486191
4.508877	61.836243	66.251755
4.613734	47.273636	48.179626
4.718592	45.499802	48.961639
4.823450	55.751801	57.859421
4.928307	46.396255	49.028397
5.033165	44.651031	46.367645
5.138022	50.754547	52.309036
5.242880	50.230026	51.422119
5.347738	46.672821	48.093796
5.452595	44.765472	47.655106
5.557453	46.730042	49.734116
5.662310	42.009354	42.991638
5.767168	51.631927	54.302216
5.872026	49.057007	52.042007
5.976883	51.088333	53.701401
6.081741	43.859482	44.689178
6.186598	42.762756	44.517517
6.291456	41.913986	44.736862
6.396314	51.031113	50.935745
6.501171	40.225983	43.735504
6.606029	40.435791	42.972565
6.710886	42.800903	44.908524
6.815744	47.330856	49.428940
6.920602	55.351257	61.130524
7.025459	52.289963	55.809021
7.130317	61.855316	64.649582
7.235174	41.894913	42.219162
7.340032	41.971207	44.126511
7.444890	50.287247	51.851273
7.549747	49.724579	54.082870
7.654605	52.890778	54.407120
7.759462	45.719147	50.020218
7.864320	51.002502	53.443909
7.969178	47.969818	50.153732
8.074035	44.384003	45.852661
8.178893	43.325424	45.213699
8.283750	50.878525	54.273605
8.388608	47.798157	49.819946
8.493466	48.999786	51.078796
8.598323	41.666031	43.230057
8.703181	35.572052	35.877228
8.808038	40.493011	42.934418
8.912896	39.806366	40.807724
9.017754	53.911209	55.141449
9.122611	44.212341	49.533844
9.227469	52.280426	51.631927
9.332326	41.074753	43.916702
9.437184	44.708252	47.273636
9.542042	57.229996	59.242249
9.646899	51.078796	55.971146
9.751757	54.121017	53.453445
9.856614	47.426224	52.556992
9.961472	48.980713	50.039291
10.066330	48.789978	53.062439
10.171187	42.676926	42.762756
10.276045	43.792725	45.661926
10.380902	42.028427	43.468475
10.485760	44.288635	44.889450
10.590618	44.908524	50.239563
10.695475	44.641495	43.945312
10.800333	43.792725	45.814514
10.905190	42.228699	44.136047
11.010048	45.022964	47.779083
11.114906	38.309097	39.882660
11.219763	41.551590	42.839050
11.324621	47.330856	48.980713
11.429478	40.483475	41.341782
11.534336	37.689209	39.901733
11.639194	41.084290	40.016174
11.744051	46.911240	52.471161
11.848909	49.877167	51.088333
11.953766	41.790009	40.731430
12.058624	43.649673	46.310425
12.163482	53.052902	56.371689
12.268339	53.014755	56.209564
12.373197	49.314499	53.739548
12.478054	47.807693	49.428940
12.582912	49.200058	54.416656
12.687770	50.096512	56.486130
12.792627	49.562454	49.905777
12.897485	50.497055	54.912567
13.002342	50.315857	52.080154
13.107200	66.518784	72.383881
13.212058	54.197311	55.961609
13.316915	50.563812	54.035187
13.421773	55.799484	62.122345
13.526630	58.851242	61.311722
13.631488	55.866241	64.287186
13.736346	52.309036	55.208206
13.841203	58.412552	59.642792
13.946061	59.747696	63.467026
14.050918	56.324005	63.858032
14.155776	47.378540	46.014786
14.260634	54.845810	62.303543
14.365491	56.171417	57.725906
14.470349	57.182312	62.799454
14.575206	59.576035	62.732697
14.680064	60.701370	64.458847
14.784922	63.495636	68.244934
14.889779	63.333511	75.263977
14.994637	56.734085	59.061050
15.099494	61.655045	71.907043
15.204352	57.001114	54.025650
15.309210	55.761337	61.359406
15.414067	75.883865	83.322525
15.518925	62.065125	69.456100
15.623782	64.315796	65.498352
15.728640	59.814453	64.411163
15.833498	64.697266	70.581436
15.938355	56.333542	59.404373
16.043213	51.879883	55.770874
16.148070	62.608719	68.683624
16.252928	64.582825	68.607330
16.357786	60.529709	64.067841
16.462643	58.202744	64.249039
16.567501	72.565079	79.107285
16.672358	56.428909	60.052872
16.777216	67.110062	72.269440
16.882074	60.405731	71.468353
16.986931	76.732635	78.277588
17.091789	64.897537	70.590973
17.196646	50.497055	53.005219
17.301504	58.784485	64.611435
17.406362	72.507858	81.329346
17.511219	60.148239	64.964294
17.616077	64.554214	64.802170
17.720934	60.892105	64.582825
17.825792	65.164566	71.544647
17.930650	64.620972	68.531036
18.035507	81.501007	92.906952
18.140365	63.295364	66.728592
18.245222	62.999725	68.807602
18.350080	51.183701	53.491592
18.454938	58.774948	64.811707
18.559795	71.926117	78.420639
18.664653	62.732697	65.097809
18.769510	63.610077	71.268082
18.874368	66.118240	71.611404
18.979226	50.926208	54.740906
19.084083	78.077316	83.456039
19.188941	72.622299	80.127716
19.293798	63.819885	69.608688
