1/9/2026	10:58 AM
Pseudo Cross Correlation
Scattering angle:	130.0
Duration (s):	20
Wavelength (nm):	632.8
Refractive index:	1.330
Viscosity (mPas):	0.773
Temperature (K):	304.6
Laser intensity (mW):	8.502623
Average Count rate  A (kHz):	116.7
Average Count rate  B (kHz):	118.8
Intercept:	0.8522
Cumulant 1st	107.91
Cumulant 2nd	100.09	27.73
Cumulant 3rd	99.51	30.22

Lag time (s)         g2-1
1.250000E-8	0.858575
2.500000E-8	0.840522
3.750000E-8	0.880996
5.000000E-8	0.852751
6.250000E-8	0.904872
7.500000E-8	0.867893
8.750000E-8	0.858575
1.000000E-7	0.853916
1.125000E-7	0.895554
1.250000E-7	0.869349
1.375000E-7	0.845181
1.500000E-7	0.818975
1.625000E-7	0.835281
1.750000E-7	0.844307
1.875000E-7	0.803252
2.000000E-7	0.849840
2.125000E-7	0.838193
2.250000E-7	0.880996
2.375000E-7	0.871969
2.500000E-7	0.880996
2.625000E-7	0.857701
2.750000E-7	0.833243
2.875000E-7	0.876046
3.000000E-7	0.856537
3.125000E-7	0.866437
3.250000E-7	0.857993
3.375000E-7	0.852169
3.500000E-7	0.855663
3.625000E-7	0.863525
3.750000E-7	0.803252
3.875000E-7	0.850422
4.000000E-7	0.856828
4.125000E-7	0.863525
4.250000E-7	0.836446
4.375000E-7	0.853334
4.500000E-7	0.887984
4.625000E-7	0.851004
4.750000E-7	0.826837
4.875000E-7	0.860031
5.000000E-7	0.879540
5.125000E-7	0.844890
5.250000E-7	0.827710
5.375000E-7	0.843143
5.500000E-7	0.866437
5.625000E-7	0.836154
5.750000E-7	0.856246
5.875000E-7	0.841687
6.000000E-7	0.841104
6.125000E-7	0.834699
6.250000E-7	0.840231
6.375000E-7	0.814607
6.500000E-7	0.870222
6.625000E-7	0.869931
6.750000E-7	0.890896
6.875000E-7	0.860613
7.000000E-7	0.836154
7.125000E-7	0.841687
7.250000E-7	0.858866
7.375000E-7	0.818684
7.500000E-7	0.872260
7.625000E-7	0.827128
7.750000E-7	0.830622
7.875000E-7	0.875172
8.000000E-7	0.825381
8.250000E-7	0.842269
8.500000E-7	0.845763
8.750000E-7	0.831932
9.000000E-7	0.861196
9.250000E-7	0.845181
9.500000E-7	0.831641
9.750000E-7	0.868184
1.000000E-6	0.840668
1.025000E-6	0.879976
1.050000E-6	0.835135
1.075000E-6	0.828002
1.100000E-6	0.834844
1.125000E-6	0.874881
1.150000E-6	0.840085
1.175000E-6	0.851878
1.200000E-6	0.841104
1.225000E-6	0.864107
1.250000E-6	0.830477
1.275000E-6	0.850713
1.300000E-6	0.848384
1.325000E-6	0.859449
1.350000E-6	0.852751
1.375000E-6	0.851878
1.400000E-6	0.856828
1.425000E-6	0.861632
1.450000E-6	0.871096
1.475000E-6	0.843434
1.500000E-6	0.848675
1.525000E-6	0.843725
1.550000E-6	0.851587
1.575000E-6	0.825090
1.600000E-6	0.854062
1.650000E-6	0.840449
1.700000E-6	0.836882
1.750000E-6	0.863452
1.800000E-6	0.834480
1.850000E-6	0.850640
1.900000E-6	0.856682
1.950000E-6	0.847729
2.000000E-6	0.859812
2.050000E-6	0.839066
2.100000E-6	0.859521
2.150000E-6	0.858357
2.200000E-6	0.838629
2.250000E-6	0.846637
2.300000E-6	0.854935
2.350000E-6	0.852533
2.400000E-6	0.841104
2.450000E-6	0.841104
2.500000E-6	0.862142
2.550000E-6	0.838193
2.600000E-6	0.861632
2.650000E-6	0.837829
2.700000E-6	0.836955
2.750000E-6	0.859740
2.800000E-6	0.844526
2.850000E-6	0.823925
2.900000E-6	0.838120
2.950000E-6	0.851368
3.000000E-6	0.866801
3.050000E-6	0.843725
3.100000E-6	0.840813
3.150000E-6	0.827783
3.200000E-6	0.844380
3.300000E-6	0.842233
3.400000E-6	0.840013
3.500000E-6	0.828730
3.600000E-6	0.842961
3.700000E-6	0.847001
3.800000E-6	0.845836
3.900000E-6	0.842342
4.000000E-6	0.839103
4.100000E-6	0.841541
4.200000E-6	0.847219
4.300000E-6	0.846273
4.400000E-6	0.833425
4.500000E-6	0.839940
4.600000E-6	0.849694
4.700000E-6	0.858684
4.800000E-6	0.856064
4.900000E-6	0.818502
5.000000E-6	0.827856
5.100000E-6	0.851114
5.200000E-6	0.837319
5.300000E-6	0.841068
5.400000E-6	0.837174
5.500000E-6	0.841214
5.600000E-6	0.842706
5.700000E-6	0.843070
5.800000E-6	0.833971
5.900000E-6	0.828875
6.000000E-6	0.826910
6.100000E-6	0.833934
6.200000E-6	0.857265
6.300000E-6	0.834844
6.400000E-6	0.831714
6.600000E-6	0.840449
6.800000E-6	0.830731
7.000000E-6	0.829184
7.200000E-6	0.839740
7.400000E-6	0.821486
7.600000E-6	0.827110
7.800000E-6	0.824162
8.000000E-6	0.844526
8.200000E-6	0.829093
8.400000E-6	0.817556
8.600000E-6	0.826418
8.800000E-6	0.828438
9.000000E-6	0.821523
9.200000E-6	0.827983
9.400000E-6	0.823707
9.600000E-6	0.819193
9.800000E-6	0.824471
1.000000E-5	0.826837
1.020000E-5	0.835245
1.040000E-5	0.824999
1.060000E-5	0.811095
1.080000E-5	0.811696
1.100000E-5	0.826819
1.120000E-5	0.819193
1.140000E-5	0.833334
1.160000E-5	0.827346
1.180000E-5	0.815226
1.200000E-5	0.818447
1.220000E-5	0.817210
1.240000E-5	0.824617
1.260000E-5	0.817246
1.280000E-5	0.817756
1.320000E-5	0.811905
1.360000E-5	0.817938
1.400000E-5	0.817592
1.440000E-5	0.820622
1.480000E-5	0.807146
1.520000E-5	0.810950
1.560000E-5	0.816309
1.600000E-5	0.805317
1.640000E-5	0.805044
1.680000E-5	0.799721
1.720000E-5	0.799048
1.760000E-5	0.800449
1.800000E-5	0.807383
1.840000E-5	0.809239
1.880000E-5	0.798948
1.920000E-5	0.795972
1.960000E-5	0.797255
2.000000E-5	0.791941
2.040000E-5	0.796036
2.080000E-5	0.789193
2.120000E-5	0.797019
2.160000E-5	0.802178
2.200000E-5	0.792478
2.240000E-5	0.789403
2.280000E-5	0.788393
2.320000E-5	0.784507
2.360000E-5	0.788702
2.400000E-5	0.784980
2.440000E-5	0.793124
2.480000E-5	0.786609
2.520000E-5	0.795535
2.560000E-5	0.780312
2.640000E-5	0.779007
2.720000E-5	0.774694
2.800000E-5	0.782574
2.880000E-5	0.773461
2.960000E-5	0.773115
3.040000E-5	0.772191
3.120000E-5	0.771973
3.200000E-5	0.769898
3.280000E-5	0.761199
3.360000E-5	0.758588
3.440000E-5	0.763279
3.520000E-5	0.761577
3.600000E-5	0.756914
3.680000E-5	0.753861
3.760000E-5	0.750740
3.840000E-5	0.749998
3.920000E-5	0.747437
4.000000E-5	0.749011
4.080000E-5	0.750794
4.160000E-5	0.739625
4.240000E-5	0.741659
4.320000E-5	0.740048
4.400000E-5	0.736777
4.480000E-5	0.735635
4.560000E-5	0.727819
4.640000E-5	0.726322
4.720000E-5	0.727651
4.800000E-5	0.727746
4.880000E-5	0.722323
4.960000E-5	0.723670
5.040000E-5	0.718365
5.120000E-5	0.721304
5.280000E-5	0.716048
5.440000E-5	0.711713
5.600000E-5	0.709511
5.760000E-5	0.707188
5.920000E-5	0.696767
6.080000E-5	0.698833
6.240000E-5	0.693924
6.400000E-5	0.690653
6.560000E-5	0.683454
6.720000E-5	0.684354
6.880000E-5	0.678015
7.040000E-5	0.674597
7.200000E-5	0.671972
7.360000E-5	0.668371
7.520000E-5	0.666479
7.680000E-5	0.659398
7.840000E-5	0.657768
8.000000E-5	0.653060
8.160000E-5	0.654006
8.320000E-5	0.649352
8.480000E-5	0.643365
8.640000E-5	0.640172
8.800000E-5	0.635868
8.960000E-5	0.634539
9.120000E-5	0.630088
9.280000E-5	0.628630
9.440000E-5	0.626828
9.600000E-5	0.620880
9.760000E-5	0.617780
9.920000E-5	0.616117
0.000101	0.613187
0.000102	0.610751
0.000106	0.604025
0.000109	0.595827
0.000112	0.594500
0.000115	0.582924
0.000118	0.579641
0.000122	0.573088
0.000125	0.563786
0.000128	0.561398
0.000131	0.555369
0.000134	0.553145
0.000138	0.544914
0.000141	0.539115
0.000144	0.534052
0.000147	0.530009
0.000150	0.525271
0.000154	0.516483
0.000157	0.513655
0.000160	0.506915
0.000163	0.501190
0.000166	0.498407
0.000170	0.493749
0.000173	0.485429
0.000176	0.482131
0.000179	0.481124
0.000182	0.475234
0.000186	0.466159
0.000189	0.463099
0.000192	0.457314
0.000195	0.454367
0.000198	0.451899
0.000202	0.443789
0.000205	0.442016
0.000211	0.431882
0.000218	0.425731
0.000224	0.415317
0.000230	0.407388
0.000237	0.398099
0.000243	0.390278
0.000250	0.383362
0.000256	0.376655
0.000262	0.366938
0.000269	0.362948
0.000275	0.356510
0.000282	0.347279
0.000288	0.341347
0.000294	0.333709
0.000301	0.329278
0.000307	0.321979
0.000314	0.314345
0.000320	0.308629
0.000326	0.302575
0.000333	0.296892
0.000339	0.292231
0.000346	0.285786
0.000352	0.282283
0.000358	0.273801
0.000365	0.270798
0.000371	0.265676
0.000378	0.259663
0.000384	0.254517
0.000390	0.248363
0.000397	0.246294
0.000403	0.241445
0.000410	0.237555
0.000422	0.227791
0.000435	0.218400
0.000448	0.210405
0.000461	0.202895
0.000474	0.195362
0.000486	0.188687
0.000499	0.182439
0.000512	0.175415
0.000525	0.169019
0.000538	0.163557
0.000550	0.156574
0.000563	0.151700
0.000576	0.147218
0.000589	0.141447
0.000602	0.135934
0.000614	0.131196
0.000627	0.126315
0.000640	0.122568
0.000653	0.117264
0.000666	0.113931
0.000678	0.109550
0.000691	0.106855
0.000704	0.101362
0.000717	0.098817
0.000730	0.094990
0.000742	0.092125
0.000755	0.089377
0.000768	0.086282
0.000781	0.082690
0.000794	0.080989
0.000806	0.079033
0.000819	0.075672
0.000845	0.071765
0.000870	0.065035
0.000896	0.061231
0.000922	0.056760
0.000947	0.053255
0.000973	0.049624
0.000998	0.047157
0.001024	0.043705
0.001050	0.040628
0.001075	0.038444
0.001101	0.035829
0.001126	0.032445
0.001152	0.030159
0.001178	0.027634
0.001203	0.025958
0.001229	0.024125
0.001254	0.023025
0.001280	0.021679
0.001306	0.019911
0.001331	0.019272
0.001357	0.016050
0.001382	0.014706
0.001408	0.013912
0.001434	0.012556
0.001459	0.011993
0.001485	0.011969
0.001510	0.010768
0.001536	0.010561
0.001562	0.008503
0.001587	0.007890
0.001613	0.007763
0.001638	0.007688
0.001690	0.006351
0.001741	0.006165
0.001792	0.006815
0.001843	0.006683
0.001894	0.006793
0.001946	0.006311
0.001997	0.006296
0.002048	0.005880
0.002099	0.005554
0.002150	0.004767
0.002202	0.003688
0.002253	0.003075
0.002304	0.002954
0.002355	0.002446
0.002406	0.002579
0.002458	0.002298
0.002509	0.003699
0.002560	0.002959
0.002611	0.004385
0.002662	0.003997
0.002714	0.003178
0.002765	0.004101
0.002816	0.005058
0.002867	0.005456
0.002918	0.004104
0.002970	0.004023
0.003021	0.003535
0.003072	0.003010
0.003123	0.001138
0.003174	0.000350
0.003226	-0.000662
0.003277	-0.001536
0.003379	-0.001348
0.003482	-0.000244
0.003584	0.000976
0.003686	-0.000243
0.003789	0.000322
0.003891	0.000576
0.003994	0.001522
0.004096	0.001852
0.004198	0.002282
0.004301	0.002828
0.004403	0.003266
0.004506	0.002635
0.004608	5.007355E-6
0.004710	-0.001907
0.004813	-0.001437
0.004915	-7.317755E-5
0.005018	0.001648
0.005120	0.003428
0.005222	0.002727
0.005325	0.002377
0.005427	0.002196
0.005530	0.002351
0.005632	0.003014
0.005734	0.002542
0.005837	0.003625
0.005939	0.003530
0.006042	0.002824
0.006144	0.002734
0.006246	0.003563
0.006349	0.003066
0.006451	0.001257
0.006554	0.000745
0.006758	0.003108
0.006963	0.001638
0.007168	0.000656
0.007373	-0.001657
0.007578	-0.001032
0.007782	-0.002754
0.007987	-0.003651
0.008192	-0.001512
0.008397	0.001225
0.008602	0.004058
0.008806	0.005330
0.009011	0.005773
0.009216	0.006300
0.009421	0.005581
0.009626	0.006544
0.009830	0.006597
0.010035	0.006582
0.010240	0.007815
0.010445	0.010599
0.010650	0.009608
0.010854	0.008628
0.011059	0.009203
0.011264	0.010323
0.011469	0.008954
0.011674	0.006861
0.011878	0.006046
0.012083	0.003326
0.012288	-0.000739
0.012493	-0.000456
0.012698	0.000530
0.012902	0.001384
0.013107	0.000108
0.013517	-0.000473
0.013926	0.005209
0.014336	0.006187
0.014746	0.004729
0.015155	0.002596
0.015565	0.004331
0.015974	0.003973
0.016384	0.003964
0.016794	0.003973
0.017203	0.005106
0.017613	0.003405
0.018022	0.001917
0.018432	0.003715
0.018842	0.005681
0.019251	0.008241
0.019661	0.002394
0.020070	-0.003119
0.020480	-0.004154
0.020890	-0.000245
0.021299	0.000494
0.021709	0.000746
0.022118	-0.000146
0.022528	-0.000875
0.022938	-0.001355
0.023347	0.002264
0.023757	0.005838
0.024166	0.006593
0.024576	0.004490
0.024986	0.001155
0.025395	0.002073
0.025805	0.003634
0.026214	0.000378
0.027034	0.000877
0.027853	0.001110
0.028672	-0.001687
0.029491	-0.002615
0.030310	-0.005876
0.031130	-0.003462
0.031949	0.001608
0.032768	0.002693
0.033587	-0.000865
0.034406	0.002638
0.035226	-0.002746
0.036045	-0.005237
0.036864	-0.001390
0.037683	0.002380
0.038502	0.007764
0.039322	0.002510
0.040141	0.003432
0.040960	-0.000531
0.041779	-0.000765
0.042598	-0.002016
0.043418	0.001240
0.044237	-0.002340
0.045056	-0.000706
0.045875	-0.002824
0.046694	-0.001736
0.047514	-0.002565
0.048333	-0.002629
0.049152	0.002950
0.049971	0.002647
0.050790	0.002513
0.051610	-2.520819E-5
0.052429	-0.001058
0.054067	0.000849
0.055706	0.002776
0.057344	0.002935
0.058982	0.007010
0.060621	0.003903
0.062259	-0.001288
0.063898	-0.001990
0.065536	0.004829
0.067174	0.002774
0.068813	0.001705
0.070451	-0.000874
0.072090	0.004326
0.073728	0.001691
0.075366	0.003103
0.077005	0.000520
0.078643	0.000832
0.080282	-0.001321
0.081920	0.000454
0.083558	0.000129
0.085197	0.001404
0.086835	0.001805
0.088474	0.002472
0.090112	-0.000394
0.091750	0.001524
0.093389	-0.001113
0.095027	0.001286
0.096666	-0.000150
0.098304	0.002153
0.099942	-0.001551
0.101581	0.000940
0.103219	-0.002446
0.104858	-0.003520
0.108134	-0.000397
0.111411	-0.004064
0.114688	0.006187
0.117965	-0.000888
0.121242	0.000102
0.124518	0.001450
0.127795	-0.000646
0.131072	-0.000982
0.134349	0.002876
0.137626	-0.000746
0.140902	-0.003648
0.144179	0.002009
0.147456	-0.000492
0.150733	-0.004100
0.154010	0.004602
0.157286	0.001498
0.160563	-0.000251
0.163840	7.563901E-6
0.167117	-0.000146
0.170394	0.000592
0.173670	0.004479
0.176947	0.000876
0.180224	0.000961
0.183501	-5.719509E-5
0.186778	0.001562
0.190054	-0.000652
0.193331	-0.000408
0.196608	0.000713
0.199885	-0.001064
0.203162	0.002152
0.206438	0.001020
0.209715	-0.000270
0.216269	0.001914
0.222822	0.001858
0.229376	0.001888
0.235930	0.000433
0.242483	4.094187E-5
0.249037	0.001803
0.255590	0.000836
0.262144	0.000530
0.268698	-0.001944
0.275251	0.000139
0.281805	-0.001413
0.288358	-0.001933
0.294912	-0.000436
0.301466	-0.002182
0.308019	0.000217
0.314573	0.000592
0.321126	-0.001281
0.327680	0.000271
0.334234	-0.002035
0.340787	0.000578
0.347341	-0.001773
0.353894	0.001594
0.360448	-0.002378
0.367002	-0.001084
0.373555	-0.001924
0.380109	0.000451
0.386662	-0.001428
0.393216	0.002251
0.399770	-2.272981E-5
0.406323	-0.001300
0.412877	-0.000544
0.419430	0.000228
0.432538	-0.000911
0.445645	-0.002342
0.458752	-0.000867
0.471859	0.001966
0.484966	-0.002514
0.498074	-0.000476
0.511181	0.000294
0.524288	-0.000739
0.537395	-0.000389
0.550502	-0.000610
0.563610	-0.000980
0.576717	8.894856E-5
0.589824	-0.001126
0.602931	0.000470
0.616038	-0.000232
0.629146	-0.000140
0.642253	-0.001555
0.655360	-0.001383
0.668467	0.000595
0.681574	0.000271
0.694682	-0.000567
0.707789	0.000360
0.720896	-0.001115
0.734003	-0.001229
0.747110	-0.000422
0.760218	-0.001332
0.773325	-0.000109
0.786432	-0.001165
0.799539	-0.000830
0.812646	0.000716
0.825754	-0.000656
0.838861	0.000554
0.865075	0.000558
0.891290	0.000232
0.917504	0.000202
0.943718	-3.469108E-5
0.969933	-0.000311
0.996147	0.000231
1.022362	-0.000342
1.048576	-0.000950
1.074790	-0.001431
1.101005	-0.001036
1.127219	0.000766
1.153434	0.000579
1.179648	0.000271
1.205862	0.002627
1.232077	0.001315
1.258291	0.000243
1.284506	0.001186
1.310720	-0.000108
1.336934	-0.000676
1.363149	-0.000188
1.389363	0.000811
1.415578	0.000625
1.441792	0.000807
1.468006	0.000588
1.494221	0.000277
1.520435	0.000161
1.546650	-0.000500
1.572864	-5.753909E-6
1.599078	-0.001122
1.625293	0.000640
1.651507	-0.001216
1.677722	0.001196
1.730150	4.026802E-5
1.782579	2.759931E-5
1.835008	0.000131
1.887437	-0.001001
1.939866	-0.000503
1.992294	-0.001077
2.044723	-0.000608
2.097152	0.000779
2.149581	0.000339
2.202010	5.617881E-5
2.254438	-0.000121
2.306867	0.000131
2.359296	0.001014
2.411725	0.000754
2.464154	0.000874
2.516582	-0.000870
2.569011	0.000774
2.621440	0.000640
2.673869	0.000248
2.726298	-0.000963
2.778726	-0.001410
2.831155	-0.000170
2.883584	-0.000170
2.936013	0.000560
2.988442	-0.000160
3.040870	-0.000543
3.093299	0.000339
3.145728	-0.000866
3.198157	-0.000428
3.250586	-5.325596E-5
3.303015	-0.000703
3.355443	0.000423
3.460301	-0.000691
3.565158	0.001040
3.670016	0.000816
3.774873	0.001254
3.879731	7.613534E-5
3.984589	0.000665
4.089447	0.000567
4.194304	-0.000592
4.299161	-0.000356
4.404019	-0.001885
4.508877	-0.000338
4.613734	-0.000418
4.718592	0.000802
4.823450	0.000904
4.928307	0.000399
5.033165	0.000607
5.138022	-0.000686
5.242880	-0.000840
5.347738	-0.000205
5.452595	0.000544
5.557453	-0.000199
5.662311	-0.000347
5.767168	-0.000376
5.872025	-0.000985
5.976883	-6.672955E-5
6.081741	-8.279126E-6
6.186598	0.000741
6.291456	0.000456
6.396314	0.001162
6.501171	-0.001539
6.606029	0.000256
6.710886	-0.000560
6.920601	-6.324935E-5
7.130317	9.643979E-6
7.340032	8.808984E-5
7.549747	6.452906E-5
7.759462	-0.000357
7.969178	-0.000896
8.178893	-8.340365E-5
8.388608	0.000335
8.598323	1.260687E-6
8.808039	0.000437
9.017754	-0.000225
9.227468	-0.000962
9.437184	0.000477
9.646899	0.000857
9.856614	0.000366
10.066330	-0.000337
10.276045	-0.000309
10.485760	0.000383
10.695476	-0.001130
10.905190	-9.110577E-5
11.114905	0.000616
11.324621	-0.000380
11.534336	-0.001534
11.744051	0.001148
11.953767	0.001129
12.163482	4.435714E-5
12.373197	0.000199
12.582912	3.537082E-5
12.792627	-0.001214
13.002342	-0.000259
13.212058	0.000567
13.421773	0.001212
13.841203	0.000233
14.260633	-0.000227
14.680064	-0.000656
15.099494	0.000179
15.518925	0.000728
15.938355	0.000423
16.357786	-0.000328
16.777216	5.289895E-5
17.196646	0.000878
17.616077	-0.000136
18.035507	-0.000159
18.454937	0.000166
18.874369	0.000000
19.293798	NaN
19.713228	NaN
20.132660	NaN
20.552090	NaN
20.971519	NaN
21.390951	NaN
21.810381	NaN
22.229811	NaN
22.649242	NaN
23.068672	NaN
23.488102	NaN
23.907534	NaN
24.326963	NaN
24.746393	NaN
25.165825	NaN
25.585255	NaN
26.004684	NaN
26.424116	NaN
26.843546	NaN
27.682405	NaN
28.521267	NaN
29.360128	NaN
30.198988	NaN
31.037849	NaN
31.876711	NaN
32.715572	NaN
33.554432	NaN
34.393291	NaN
35.232155	NaN
36.071014	NaN
36.909874	NaN
37.748737	NaN
38.587597	NaN
39.426456	NaN
40.265320	NaN
41.104179	NaN
41.943039	NaN
42.781902	NaN
43.620762	NaN
44.459621	NaN
45.298485	NaN
46.137344	NaN
46.976204	NaN
47.815067	NaN
48.653927	NaN
49.492786	NaN
50.331650	NaN
51.170509	NaN
52.009369	NaN
52.848232	NaN
53.687092	NaN
55.364811	NaN
57.042534	NaN
58.720257	NaN
60.397976	NaN
62.075699	NaN
63.753422	NaN
65.431145	NaN
67.108864	NaN
68.786583	NaN
70.464310	NaN
72.142029	NaN
73.819748	NaN
75.497475	NaN
77.175194	NaN
78.852913	NaN
80.530640	NaN
82.208359	NaN
83.886078	NaN
85.563805	NaN
87.241524	NaN
88.919243	NaN
90.596970	NaN
92.274689	NaN
93.952408	NaN
95.630135	NaN
97.307854	NaN
98.985573	NaN
100.663300	NaN
102.341019	NaN
104.018738	NaN
105.696465	NaN
107.374184	NaN
110.729622	NaN
114.085068	NaN
117.440514	NaN
120.795952	NaN
124.151398	NaN
127.506844	NaN
130.862289	NaN
134.217728	NaN
137.573166	NaN
140.928619	NaN
144.284058	NaN
147.639496	NaN
150.994949	NaN
154.350388	NaN
157.705826	NaN
161.061279	NaN
164.416718	NaN
167.772156	NaN
171.127609	NaN
174.483047	NaN
177.838486	NaN
181.193939	NaN
184.549377	NaN
187.904816	NaN
191.260269	NaN
194.615707	NaN
197.971146	NaN
201.326599	NaN
204.682037	NaN
208.037476	NaN
211.392929	NaN
214.748367	NaN
221.459244	NaN
228.170135	NaN
234.881027	NaN
241.591904	NaN
248.302795	NaN
255.013687	NaN
261.724579	NaN
268.435455	NaN
275.146332	NaN
281.857239	NaN
288.568115	NaN
295.278992	NaN
301.989899	NaN
308.700775	NaN
315.411652	NaN
322.122559	NaN
328.833435	NaN
335.544312	NaN
342.255219	NaN
348.966095	NaN
355.676971	NaN
362.387878	NaN
369.098755	NaN
375.809631	NaN
382.520538	NaN
389.231415	NaN
395.942291	NaN
402.653198	NaN
409.364075	NaN
416.074951	NaN
422.785858	NaN
429.496735	NaN
442.918488	NaN
456.340271	NaN
469.762054	NaN
483.183807	NaN
496.605591	NaN
510.027374	NaN
523.449158	NaN
536.870911	NaN
550.292664	NaN
563.714478	NaN
577.136230	NaN
590.557983	NaN
603.979797	NaN
617.401550	NaN
630.823303	NaN
644.245117	NaN
657.666870	NaN
671.088623	NaN
684.510437	NaN
697.932190	NaN
711.353943	NaN
724.775757	NaN
738.197510	NaN
751.619263	NaN
765.041077	NaN
778.462830	NaN
791.884583	NaN
805.306396	NaN
818.728149	NaN
832.149902	NaN
845.571716	NaN
858.993469	NaN
885.836975	NaN
912.680542	NaN
939.524109	NaN
966.367615	NaN
993.211182	NaN
1020.054749	NaN
1046.898315	NaN
1073.741821	NaN
1100.585327	NaN
1127.428955	NaN
1154.272461	NaN
1181.115967	NaN
1207.959595	NaN
1234.803101	NaN
1261.646606	NaN
1288.490234	NaN
1315.333740	NaN
1342.177246	NaN
1369.020874	NaN
1395.864380	NaN
1422.707886	NaN
1449.551514	NaN
1476.395020	NaN
1503.238525	NaN
1530.082153	NaN
1556.925659	NaN
1583.769165	NaN
1610.612793	NaN
1637.456299	NaN
1664.299805	NaN
1691.143433	NaN
1717.986938	NaN
1771.673950	NaN
1825.361084	NaN
1879.048218	NaN
1932.735229	NaN
1986.422363	NaN
2040.109497	NaN
2093.796631	NaN
2147.483643	NaN
2201.170654	NaN
2254.857910	NaN
2308.544922	NaN
2362.231934	NaN
2415.919189	NaN
2469.606201	NaN
2523.293213	NaN
2576.980469	NaN
2630.667480	NaN
2684.354492	NaN
2738.041748	NaN
2791.728760	NaN
2845.415771	NaN
2899.103027	NaN
2952.790039	NaN
3006.477051	NaN
3060.164307	NaN
3113.851318	NaN
3167.538330	NaN
3221.225586	NaN
3274.912598	NaN
3328.599609	NaN
3382.286865	NaN
3435.973877	NaN
0.000000	NaN
0.000000	NaN
0.000000	NaN
0.000000	NaN
0.000000	NaN
0.000000	NaN
0.000000	NaN
0.000000	NaN
0.000000	NaN
0.000000	NaN
0.000000	NaN
0.000000	NaN
0.000000	NaN
0.000000	NaN
0.000000	NaN
0.000000	NaN
0.000000	NaN
0.000000	NaN
0.000000	NaN
0.000000	NaN
0.000000	NaN
0.000000	NaN
0.000000	NaN
0.000000	NaN
0.000000	NaN
0.000000	NaN
0.000000	NaN
0.000000	NaN
0.000000	NaN
0.000000	NaN
0.000000	NaN
0.000000	NaN

Count Rate History (KHz)  CR CHA / CR CHB
0.000000	112.876892	118.122101
0.104858	120.277405	116.281509
0.209715	122.432709	124.893188
0.314573	140.781403	143.289566
0.419430	110.015869	111.293793
0.524288	133.562088	134.334564
0.629146	125.522614	131.435394
0.734003	116.043091	115.232468
0.838861	132.102966	136.175156
0.943718	103.502274	103.921890
1.048576	109.281540	110.864639
1.153434	102.758408	105.571747
1.258291	113.487244	114.078522
1.363149	123.519897	122.623444
1.468006	124.816895	125.064850
1.572864	111.970901	118.265152
1.677722	125.274658	127.620697
1.782579	124.235153	129.537582
1.887437	113.162994	110.654831
1.992294	115.652084	117.807388
2.097152	116.224289	120.639801
2.202010	123.949051	122.327805
2.306867	104.875565	109.453201
2.411725	111.217499	112.123489
2.516582	123.548508	125.226974
2.621440	106.172562	107.421875
2.726298	127.964020	129.251480
2.831155	97.522736	99.554062
2.936013	108.795166	109.443665
3.040870	106.973648	110.778809
3.145728	114.212036	115.518570
3.250586	105.066299	106.515884
3.355443	105.819702	105.772018
3.460301	121.402740	125.322342
3.565158	122.718811	127.010345
3.670016	119.915009	120.735168
3.774874	117.568970	122.079849
3.879731	127.868652	133.743286
3.984589	110.626221	115.470886
4.089446	112.714767	109.729767
4.194304	125.770569	126.695633
4.299162	113.544464	115.137100
4.404019	123.920441	130.987167
4.508877	116.539001	117.826462
4.613734	117.788315	122.461319
4.718592	111.455917	114.965439
4.823450	126.791000	126.085281
4.928307	106.067657	105.304718
5.033165	112.991333	116.186142
5.138022	137.634277	140.428543
5.242880	111.436844	112.009048
5.347738	112.915039	114.526749
5.452595	105.638504	109.186172
5.557453	103.368759	103.006363
5.662310	120.697021	123.882294
5.767168	110.273361	117.902756
5.872026	102.453232	101.127625
5.976883	122.442245	128.326416
6.081741	113.201141	111.904144
6.186598	94.976425	96.874237
6.291456	115.108490	114.002228
6.396314	103.206635	104.761124
6.501171	128.364563	134.811401
6.606029	110.445023	113.496780
6.710886	116.376877	117.111206
6.815744	115.098953	119.695663
6.920602	110.645294	110.750198
7.025459	106.868744	106.678009
7.130317	109.376907	111.513138
7.235174	132.369995	135.231018
7.340032	108.985901	113.754272
7.444890	118.560791	121.841431
7.549747	111.036301	111.484528
7.654605	115.146637	116.577148
7.759462	123.472214	124.244690
7.864320	116.367340	119.829178
7.969178	105.428696	107.269287
8.074035	127.124786	127.391815
8.178893	99.678040	105.123520
8.283750	118.293762	119.829178
8.388608	112.657547	114.173889
8.493466	128.498077	132.875443
8.598323	119.962692	121.192932
8.703181	108.804703	111.093521
8.808038	117.998123	121.793747
8.912896	134.620667	134.162903
9.017754	115.957260	122.022629
9.122611	118.026733	118.713379
9.227469	104.627609	111.541748
9.332326	111.846924	110.759735
9.437184	104.169846	105.552673
9.542042	113.525391	113.430023
9.646899	119.295120	120.086670
9.751757	112.762451	121.269226
9.856614	142.097473	141.983032
9.961472	123.825073	122.480392
10.066330	129.690170	134.325027
10.171187	132.865906	140.018463
10.276045	119.838715	111.989975
10.380902	109.834671	113.964081
10.485760	112.533569	111.608505
10.590618	104.036331	108.432770
10.695475	116.529465	117.101669
10.800333	119.619370	121.297836
10.905190	106.868744	108.308792
11.010048	114.440918	112.371445
11.114906	117.149353	120.058060
11.219763	129.680634	136.985779
11.324621	123.348236	125.503540
11.429478	123.128891	126.447678
11.534336	129.451752	129.251480
11.639194	112.133026	109.567642
11.744051	108.261108	110.607147
11.848909	104.961395	104.780197
11.953766	118.741989	118.589401
12.058624	133.209229	134.325027
12.163482	122.947693	126.972198
12.268339	113.153458	116.987228
12.373197	104.322433	107.192993
12.478054	115.976334	112.848282
12.582912	125.265121	129.327774
12.687770	134.735107	134.391785
12.792627	110.254288	113.048553
12.897485	112.323761	116.729736
13.002342	110.101700	106.906891
13.107200	101.547241	103.931427
13.212058	113.468170	115.900040
13.316915	109.224319	111.513138
13.421773	124.301910	125.875473
13.526630	117.931366	120.334625
13.631488	130.653381	137.519836
13.736346	125.741959	124.912262
13.841203	146.265030	158.958435
13.946061	135.707855	135.536194
14.050918	120.410919	118.665695
14.155776	109.910965	116.977692
14.260634	101.232529	99.229813
14.365491	110.664368	112.743378
14.470349	121.536255	125.589371
14.575206	111.503601	109.825134
14.680064	124.816895	124.654770
14.784922	118.560791	122.900009
14.889779	114.860535	116.310120
14.994637	106.220245	102.872849
15.099494	108.966827	115.089417
15.204352	121.479034	121.326447
15.309210	127.534866	129.699707
15.414067	103.178024	106.983185
15.518925	136.737823	138.444901
15.623782	117.807388	121.364594
15.728640	123.023987	124.959946
15.833498	109.205246	109.233856
15.938355	112.838745	116.605759
16.043213	116.767883	117.444992
16.148070	123.386383	127.811432
16.252928	134.963989	137.758255
16.357786	109.863281	110.807419
16.462643	122.690201	121.774673
16.567501	104.455948	104.122162
16.672358	110.273361	116.977692
16.777216	138.206482	139.484406
16.882074	115.461349	114.297867
16.986931	122.756958	124.502182
17.091789	109.910965	106.477737
17.196646	122.203827	122.747421
17.301504	120.925903	121.116638
17.406362	111.808777	115.938187
17.511219	122.356415	122.804642
17.616077	123.825073	126.352310
17.720934	125.055313	126.771927
17.825792	112.657547	116.548538
17.930650	116.443634	123.395920
18.035507	108.070374	103.578568
18.140365	102.090836	106.201172
18.245222	117.940903	120.630264
18.350080	115.556717	117.349625
18.454938	136.222839	139.722824
18.559795	115.203857	116.348267
18.664653	112.981796	115.251541
18.769510	108.747482	112.047195
18.874368	126.552582	129.289627
18.979226	104.503632	112.142563
19.084083	108.556747	107.469559
19.188941	111.122131	115.108490
19.293798	124.187469	127.449036
19.398656	119.924545	119.609833
19.503514	117.702484	122.413635
19.608371	109.500885	113.821030
19.713229	103.273392	102.767944
