1/9/2026	10:49 AM
Pseudo Cross Correlation
Scattering angle:	90.0
Duration (s):	20
Wavelength (nm):	632.8
Refractive index:	1.330
Viscosity (mPas):	0.774
Temperature (K):	304.6
Laser intensity (mW):	8.473898
Average Count rate  A (kHz):	80.1
Average Count rate  B (kHz):	81.2
Intercept:	0.9194
Cumulant 1st	122.32
Cumulant 2nd	102.04	40.05
Cumulant 3rd	100.84	42.69

Lag time (s)         g2-1
1.250000E-8	0.923644
2.500000E-8	0.963141
3.750000E-8	0.875506
5.000000E-8	0.945861
6.250000E-8	0.886615
7.500000E-8	0.921792
8.750000E-8	0.992764
1.000000E-7	0.868718
1.125000E-7	0.903278
1.250000E-7	0.863780
1.375000E-7	0.957587
1.500000E-7	0.977952
1.625000E-7	0.947712
1.750000E-7	0.936604
1.875000E-7	0.834157
2.000000E-7	0.915003
2.125000E-7	0.868718
2.250000E-7	0.898341
2.375000E-7	0.890935
2.500000E-7	0.923026
2.625000E-7	0.912535
2.750000E-7	0.976718
2.875000E-7	0.908215
3.000000E-7	0.965609
3.125000E-7	0.912535
3.250000E-7	0.910066
3.375000E-7	0.934752
3.500000E-7	0.926729
3.625000E-7	0.872420
3.750000E-7	0.901426
3.875000E-7	0.935986
4.000000E-7	0.861312
4.125000E-7	0.894020
4.250000E-7	0.861312
4.375000E-7	0.863780
4.500000E-7	0.904512
4.625000E-7	0.900809
4.750000E-7	0.936604
4.875000E-7	0.923644
5.000000E-7	0.888466
5.125000E-7	0.937838
5.250000E-7	0.934135
5.375000E-7	0.924878
5.500000E-7	0.898958
5.625000E-7	0.910066
5.750000E-7	0.940924
5.875000E-7	0.865015
6.000000E-7	0.943392
6.125000E-7	0.931666
6.250000E-7	0.895255
6.375000E-7	0.894638
6.500000E-7	0.906363
6.625000E-7	0.926729
6.750000E-7	0.887849
6.875000E-7	0.866249
7.000000E-7	0.911301
7.125000E-7	0.923026
7.250000E-7	0.885998
7.375000E-7	0.919941
7.500000E-7	0.903895
7.625000E-7	0.979187
7.750000E-7	0.935986
7.875000E-7	0.932901
8.000000E-7	0.956352
8.250000E-7	0.893712
8.500000E-7	0.950798
8.750000E-7	0.904203
9.000000E-7	0.916238
9.250000E-7	0.938455
9.500000E-7	0.928272
9.750000E-7	0.934752
1.000000E-6	0.935678
1.025000E-6	0.903895
1.050000E-6	0.919324
1.075000E-6	0.926421
1.100000E-6	0.933518
1.125000E-6	0.931358
1.150000E-6	0.934444
1.175000E-6	0.924878
1.200000E-6	0.913461
1.225000E-6	0.947712
1.250000E-6	0.939689
1.275000E-6	0.900809
1.300000E-6	0.915929
1.325000E-6	0.902969
1.350000E-6	0.911609
1.375000E-6	0.931975
1.400000E-6	0.869952
1.425000E-6	0.888158
1.450000E-6	0.861620
1.475000E-6	0.925804
1.500000E-6	0.945552
1.525000E-6	0.922718
1.550000E-6	0.916855
1.575000E-6	0.933826
1.600000E-6	0.944935
1.650000E-6	0.915621
1.700000E-6	0.932901
1.750000E-6	0.917781
1.800000E-6	0.911763
1.850000E-6	0.909141
1.900000E-6	0.906518
1.950000E-6	0.902043
2.000000E-6	0.907443
2.050000E-6	0.895718
2.100000E-6	0.937375
2.150000E-6	0.865323
2.200000E-6	0.922255
2.250000E-6	0.908061
2.300000E-6	0.927192
2.350000E-6	0.902815
2.400000E-6	0.921021
2.450000E-6	0.936758
2.500000E-6	0.916546
2.550000E-6	0.930895
2.600000E-6	0.899883
2.650000E-6	0.922718
2.700000E-6	0.904358
2.750000E-6	0.920558
2.800000E-6	0.929352
2.850000E-6	0.936449
2.900000E-6	0.891089
2.950000E-6	0.891089
3.000000E-6	0.910529
3.050000E-6	0.890163
3.100000E-6	0.918398
3.150000E-6	0.923026
3.200000E-6	0.925495
3.300000E-6	0.914155
3.400000E-6	0.888080
3.500000E-6	0.927269
3.600000E-6	0.934906
3.700000E-6	0.916623
3.800000E-6	0.914463
3.900000E-6	0.905129
4.000000E-6	0.910143
4.100000E-6	0.930355
4.200000E-6	0.918243
4.300000E-6	0.914849
4.400000E-6	0.907212
4.500000E-6	0.921175
4.600000E-6	0.909603
4.700000E-6	0.919786
4.800000E-6	0.893326
4.900000E-6	0.917935
5.000000E-6	0.922023
5.100000E-6	0.930046
5.200000E-6	0.912149
5.300000E-6	0.924569
5.400000E-6	0.906055
5.500000E-6	0.931666
5.600000E-6	0.895718
5.700000E-6	0.925804
5.800000E-6	0.903663
5.900000E-6	0.919709
6.000000E-6	0.903201
6.100000E-6	0.919015
6.200000E-6	0.914695
6.300000E-6	0.904435
6.400000E-6	0.905052
6.600000E-6	0.917588
6.800000E-6	0.906363
7.000000E-6	0.896875
7.200000E-6	0.906248
7.400000E-6	0.909102
7.600000E-6	0.891243
7.800000E-6	0.907829
8.000000E-6	0.902043
8.200000E-6	0.899768
8.400000E-6	0.901465
8.600000E-6	0.898533
8.800000E-6	0.921754
9.000000E-6	0.890703
9.200000E-6	0.911956
9.400000E-6	0.901735
9.600000E-6	0.898379
9.800000E-6	0.900886
1.000000E-5	0.900578
1.020000E-5	0.905245
1.040000E-5	0.890588
1.060000E-5	0.893789
1.080000E-5	0.905399
1.100000E-5	0.880096
1.120000E-5	0.896836
1.140000E-5	0.890703
1.160000E-5	0.906865
1.180000E-5	0.894638
1.200000E-5	0.899305
1.220000E-5	0.887001
1.240000E-5	0.892053
1.260000E-5	0.895486
1.280000E-5	0.888852
1.320000E-5	0.889257
1.360000E-5	0.889585
1.400000E-5	0.904088
1.440000E-5	0.892285
1.480000E-5	0.907694
1.520000E-5	0.894483
1.560000E-5	0.896046
1.600000E-5	0.896991
1.640000E-5	0.878534
1.680000E-5	0.889315
1.720000E-5	0.882275
1.760000E-5	0.885747
1.800000E-5	0.879768
1.840000E-5	0.886711
1.880000E-5	0.883298
1.920000E-5	0.883760
1.960000E-5	0.886962
2.000000E-5	0.892073
2.040000E-5	0.879479
2.080000E-5	0.881003
2.120000E-5	0.864494
2.160000E-5	0.886480
2.200000E-5	0.883182
2.240000E-5	0.876355
2.280000E-5	0.874175
2.320000E-5	0.874426
2.360000E-5	0.883124
2.400000E-5	0.886538
2.440000E-5	0.875815
2.480000E-5	0.873635
2.520000E-5	0.882275
2.560000E-5	0.876644
2.640000E-5	0.873095
2.720000E-5	0.874397
2.800000E-5	0.875516
2.880000E-5	0.866268
2.960000E-5	0.870328
3.040000E-5	0.874812
3.120000E-5	0.860916
3.200000E-5	0.867088
3.280000E-5	0.862199
3.360000E-5	0.855690
3.440000E-5	0.857107
3.520000E-5	0.869865
3.600000E-5	0.856461
3.680000E-5	0.868274
3.760000E-5	0.858351
3.840000E-5	0.858361
3.920000E-5	0.857860
4.000000E-5	0.853839
4.080000E-5	0.849943
4.160000E-5	0.853057
4.240000E-5	0.847166
4.320000E-5	0.851650
4.400000E-5	0.846780
4.480000E-5	0.844977
4.560000E-5	0.849017
4.640000E-5	0.845854
4.720000E-5	0.835016
4.800000E-5	0.842286
4.880000E-5	0.840637
4.960000E-5	0.827513
5.040000E-5	0.835720
5.120000E-5	0.841939
5.280000E-5	0.831473
5.440000E-5	0.832924
5.600000E-5	0.826506
5.760000E-5	0.824809
5.920000E-5	0.821617
6.080000E-5	0.815103
6.240000E-5	0.815802
6.400000E-5	0.808797
6.560000E-5	0.816265
6.720000E-5	0.815407
6.880000E-5	0.806868
7.040000E-5	0.811458
7.200000E-5	0.801940
7.360000E-5	0.802924
7.520000E-5	0.798628
7.680000E-5	0.800214
7.840000E-5	0.795995
8.000000E-5	0.791549
8.160000E-5	0.787514
8.320000E-5	0.793695
8.480000E-5	0.784423
8.640000E-5	0.784963
8.800000E-5	0.770749
8.960000E-5	0.777470
9.120000E-5	0.771178
9.280000E-5	0.775701
9.440000E-5	0.768724
9.600000E-5	0.768574
9.760000E-5	0.762783
9.920000E-5	0.761655
0.000101	0.760316
0.000102	0.756584
0.000106	0.756755
0.000109	0.749260
0.000112	0.744052
0.000115	0.740053
0.000118	0.740259
0.000122	0.731585
0.000125	0.727626
0.000128	0.723996
0.000131	0.721452
0.000134	0.717725
0.000138	0.710940
0.000141	0.710523
0.000144	0.701650
0.000147	0.693913
0.000150	0.696085
0.000154	0.690396
0.000157	0.687326
0.000160	0.683464
0.000163	0.680320
0.000166	0.673816
0.000170	0.668588
0.000173	0.662293
0.000176	0.659776
0.000179	0.657472
0.000182	0.651546
0.000186	0.646944
0.000189	0.648127
0.000192	0.641613
0.000195	0.638670
0.000198	0.631247
0.000202	0.628375
0.000205	0.626655
0.000211	0.615819
0.000218	0.612991
0.000224	0.600765
0.000230	0.597567
0.000237	0.587140
0.000243	0.581994
0.000250	0.574922
0.000256	0.568693
0.000262	0.561617
0.000269	0.554481
0.000275	0.548316
0.000282	0.542110
0.000288	0.533771
0.000294	0.527284
0.000301	0.519702
0.000307	0.517808
0.000314	0.507712
0.000320	0.503643
0.000326	0.496207
0.000333	0.489822
0.000339	0.486477
0.000346	0.479472
0.000352	0.472161
0.000358	0.469342
0.000365	0.464907
0.000371	0.458044
0.000378	0.451458
0.000384	0.444980
0.000390	0.439190
0.000397	0.432948
0.000403	0.427833
0.000410	0.426894
0.000422	0.417720
0.000435	0.408315
0.000448	0.399223
0.000461	0.386875
0.000474	0.381066
0.000486	0.372106
0.000499	0.363297
0.000512	0.356303
0.000525	0.348718
0.000538	0.343371
0.000550	0.334343
0.000563	0.328362
0.000576	0.321331
0.000589	0.317102
0.000602	0.308935
0.000614	0.303043
0.000627	0.295940
0.000640	0.292206
0.000653	0.285537
0.000666	0.279171
0.000678	0.273200
0.000691	0.269978
0.000704	0.265812
0.000717	0.258015
0.000730	0.254774
0.000742	0.250705
0.000755	0.247872
0.000768	0.240904
0.000781	0.236360
0.000794	0.231995
0.000806	0.230083
0.000819	0.224177
0.000845	0.217314
0.000870	0.209507
0.000896	0.201766
0.000922	0.194861
0.000947	0.189034
0.000973	0.181649
0.000998	0.176886
0.001024	0.169181
0.001050	0.164372
0.001075	0.158181
0.001101	0.152154
0.001126	0.149494
0.001152	0.144598
0.001178	0.140241
0.001203	0.134435
0.001229	0.131022
0.001254	0.125084
0.001280	0.122548
0.001306	0.116985
0.001331	0.112109
0.001357	0.108124
0.001382	0.105261
0.001408	0.101566
0.001434	0.099524
0.001459	0.096191
0.001485	0.092485
0.001510	0.090500
0.001536	0.088538
0.001562	0.087384
0.001587	0.084184
0.001613	0.082144
0.001638	0.079663
0.001690	0.076631
0.001741	0.074351
0.001792	0.070469
0.001843	0.067474
0.001894	0.064026
0.001946	0.061106
0.001997	0.059491
0.002048	0.057255
0.002099	0.055810
0.002150	0.054575
0.002202	0.053185
0.002253	0.051046
0.002304	0.049482
0.002355	0.048373
0.002406	0.046684
0.002458	0.045283
0.002509	0.045202
0.002560	0.045014
0.002611	0.043736
0.002662	0.042044
0.002714	0.041151
0.002765	0.039354
0.002816	0.039007
0.002867	0.037938
0.002918	0.036095
0.002970	0.036047
0.003021	0.034779
0.003072	0.032739
0.003123	0.032923
0.003174	0.033098
0.003226	0.031645
0.003277	0.030195
0.003379	0.032154
0.003482	0.032643
0.003584	0.033754
0.003686	0.034892
0.003789	0.033486
0.003891	0.032772
0.003994	0.031012
0.004096	0.030129
0.004198	0.028891
0.004301	0.028415
0.004403	0.028984
0.004506	0.029756
0.004608	0.029641
0.004710	0.030086
0.004813	0.031465
0.004915	0.031481
0.005018	0.032643
0.005120	0.031203
0.005222	0.028885
0.005325	0.028364
0.005427	0.026784
0.005530	0.025696
0.005632	0.024564
0.005734	0.023301
0.005837	0.021966
0.005939	0.020948
0.006042	0.020624
0.006144	0.020289
0.006246	0.021141
0.006349	0.020981
0.006451	0.021121
0.006554	0.020277
0.006758	0.023344
0.006963	0.025960
0.007168	0.026117
0.007373	0.025661
0.007578	0.024702
0.007782	0.027214
0.007987	0.028300
0.008192	0.028759
0.008397	0.026640
0.008602	0.026147
0.008806	0.027807
0.009011	0.026040
0.009216	0.025008
0.009421	0.022997
0.009626	0.023391
0.009830	0.022983
0.010035	0.022647
0.010240	0.026936
0.010445	0.032348
0.010650	0.032631
0.010854	0.034116
0.011059	0.036574
0.011264	0.034888
0.011469	0.033306
0.011674	0.029296
0.011878	0.027285
0.012083	0.025425
0.012288	0.025650
0.012493	0.025630
0.012698	0.024504
0.012902	0.023946
0.013107	0.024429
0.013517	0.025910
0.013926	0.028965
0.014336	0.027051
0.014746	0.024471
0.015155	0.022654
0.015565	0.019236
0.015974	0.020272
0.016384	0.020789
0.016794	0.022088
0.017203	0.022713
0.017613	0.022935
0.018022	0.022557
0.018432	0.019319
0.018842	0.022061
0.019251	0.025701
0.019661	0.023814
0.020070	0.020247
0.020480	0.016380
0.020890	0.013328
0.021299	0.012279
0.021709	0.011575
0.022118	0.014184
0.022528	0.013133
0.022938	0.012595
0.023347	0.015117
0.023757	0.017195
0.024166	0.021467
0.024576	0.024182
0.024986	0.024294
0.025395	0.027691
0.025805	0.028339
0.026214	0.026940
0.027034	0.029000
0.027853	0.026419
0.028672	0.021235
0.029491	0.021992
0.030310	0.025658
0.031130	0.028314
0.031949	0.023146
0.032768	0.023569
0.033587	0.019851
0.034406	0.019837
0.035226	0.019466
0.036045	0.021267
0.036864	0.025365
0.037683	0.025245
0.038502	0.024183
0.039322	0.019469
0.040141	0.017601
0.040960	0.016414
0.041779	0.021207
0.042598	0.023148
0.043418	0.025353
0.044237	0.018150
0.045056	0.014510
0.045875	0.019199
0.046694	0.012733
0.047514	0.015112
0.048333	0.021679
0.049152	0.022437
0.049971	0.019825
0.050790	0.018386
0.051610	0.022387
0.052429	0.020402
0.054067	0.016403
0.055706	0.019016
0.057344	0.016231
0.058982	0.019651
0.060621	0.025116
0.062259	0.024338
0.063898	0.016290
0.065536	0.014339
0.067174	0.008369
0.068813	0.014625
0.070451	0.014100
0.072090	0.012766
0.073728	0.014731
0.075366	0.015790
0.077005	0.014111
0.078643	0.014833
0.080282	0.016214
0.081920	0.010624
0.083558	0.022582
0.085197	0.018909
0.086835	0.018759
0.088474	0.019361
0.090112	0.022859
0.091750	0.019699
0.093389	0.017460
0.095027	0.018194
0.096666	0.013159
0.098304	0.006964
0.099942	0.012174
0.101581	0.012438
0.103219	0.019015
0.104858	0.019535
0.108134	0.010144
0.111411	0.013630
0.114688	0.009574
0.117965	0.008255
0.121242	0.013734
0.124518	0.013567
0.127795	0.005774
0.131072	0.008931
0.134349	0.008595
0.137626	0.008318
0.140902	0.005293
0.144179	0.008826
0.147456	0.003771
0.150733	0.007112
0.154010	0.006917
0.157286	0.004276
0.160563	0.004607
0.163840	0.007732
0.167117	0.004012
0.170394	0.006532
0.173670	0.000477
0.176947	0.002795
0.180224	-0.001524
0.183501	0.011022
0.186778	0.005138
0.190054	0.006971
0.193331	0.008530
0.196608	0.008228
0.199885	0.006392
0.203162	0.003382
0.206438	-0.000183
0.209715	0.000983
0.216269	-0.001315
0.222822	0.002585
0.229376	-0.001597
0.235930	0.001498
0.242483	-0.001940
0.249037	-0.003733
0.255590	4.612344E-6
0.262144	0.001528
0.268698	0.006023
0.275251	0.001986
0.281805	-0.001038
0.288358	-0.000860
0.294912	-0.000422
0.301466	-0.002925
0.308019	0.000389
0.314573	0.000353
0.321126	0.002781
0.327680	0.004246
0.334234	0.000640
0.340787	-0.004636
0.347341	0.004769
0.353894	0.001326
0.360448	0.003857
0.367002	-0.000996
0.373555	0.004738
0.380109	0.000255
0.386662	0.006301
0.393216	0.003407
0.399770	0.006340
0.406323	0.002812
0.412877	-0.002720
0.419430	0.000645
0.432538	-5.062469E-5
0.445645	-0.003207
0.458752	-0.000946
0.471859	-0.001181
0.484966	0.000706
0.498074	0.002927
0.511181	0.001356
0.524288	0.002307
0.537395	-0.004135
0.550502	0.002320
0.563610	-0.002537
0.576717	0.000431
0.589824	7.454062E-5
0.602931	-0.002909
0.616038	-0.004612
0.629146	-0.003632
0.642253	-0.000875
0.655360	-0.000395
0.668467	0.000172
0.681574	-0.002884
0.694682	-0.006248
0.707789	-0.002756
0.720896	-0.004405
0.734003	-0.004755
0.747110	-0.001812
0.760218	-0.000770
0.773325	-0.001460
0.786432	-0.000586
0.799539	-0.005214
0.812646	-0.003732
0.825754	-0.002620
0.838861	-0.002792
0.865075	0.003059
0.891290	0.000119
0.917504	-0.002576
0.943718	0.000974
0.969933	-0.001296
0.996147	0.000321
1.022362	0.001760
1.048576	-7.907889E-5
1.074790	0.000212
1.101005	-0.001110
1.127219	-0.003369
1.153434	-0.005230
1.179648	-0.004465
1.205862	-0.001629
1.232077	-0.004331
1.258291	-0.003337
1.284506	-0.002363
1.310720	-0.001245
1.336934	-0.001628
1.363149	-0.000218
1.389363	0.001979
1.415578	0.002053
1.441792	0.002218
1.468006	0.002739
1.494221	-0.001420
1.520435	0.000737
1.546650	0.002500
1.572864	0.003110
1.599078	0.004188
1.625293	-0.000887
1.651507	-0.001721
1.677722	0.001891
1.730150	-0.000436
1.782579	0.000933
1.835008	4.117996E-5
1.887437	0.000320
1.939866	0.001343
1.992294	-0.001480
2.044723	-0.001373
2.097152	-5.869809E-5
2.149581	-0.002381
2.202010	-0.001405
2.254438	-0.001078
2.306867	0.002806
2.359296	0.003230
2.411725	0.000228
2.464154	0.001420
2.516582	0.001101
2.569011	0.000656
2.621440	0.004927
2.673869	0.003245
2.726298	0.002544
2.778726	-0.000431
2.831155	0.001277
2.883584	0.000768
2.936013	0.000638
2.988442	0.002037
3.040870	-0.000306
3.093299	-0.001061
3.145728	-0.000951
3.198157	-0.001099
3.250586	5.986124E-5
3.303015	0.000392
3.355443	-0.001320
3.460301	-0.001423
3.565158	-0.002443
3.670016	-0.001791
3.774873	0.000396
3.879731	0.000591
3.984589	0.001013
4.089447	0.000886
4.194304	0.000619
4.299161	0.000938
4.404019	0.000863
4.508877	0.000294
4.613734	-0.001842
4.718592	-0.001194
4.823450	-0.001374
4.928307	0.000920
5.033165	0.001379
5.138022	-0.001424
5.242880	-0.000324
5.347738	0.000914
5.452595	-0.002553
5.557453	-0.003188
5.662311	-0.001019
5.767168	-0.000232
5.872025	-0.000641
5.976883	-9.345437E-5
6.081741	-0.001575
6.186598	0.000556
6.291456	0.001746
6.396314	0.001697
6.501171	0.000680
6.606029	-0.000779
6.710886	0.000435
6.920601	-0.000696
7.130317	-0.001805
7.340032	-0.000784
7.549747	-0.001539
7.759462	-0.000900
7.969178	0.000703
8.178893	0.001279
8.388608	-0.000820
8.598323	-0.001799
8.808039	-0.001837
9.017754	-0.000791
9.227468	-0.003213
9.437184	0.001807
9.646899	0.008282
9.856614	0.005821
10.066330	0.003549
10.276045	0.001735
10.485760	-0.000877
10.695476	-0.002351
10.905190	-0.000788
11.114905	0.001272
11.324621	0.001297
11.534336	0.000451
11.744051	-0.002416
11.953767	0.002297
12.163482	0.002405
12.373197	0.005077
12.582912	0.004287
12.792627	0.004419
13.002342	0.000643
13.212058	-0.005471
13.421773	-0.000276
13.841203	0.001461
14.260633	-0.000305
14.680064	-0.001293
15.099494	-0.000679
15.518925	0.001901
15.938355	0.009829
16.357786	-0.001591
16.777216	-0.003239
17.196646	-0.005849
17.616077	-0.001355
18.035507	0.004359
18.454937	-0.000265
18.874369	-0.000446
19.293798	0.000000
19.713228	NaN
20.132660	NaN
20.552090	NaN
20.971519	NaN
21.390951	NaN
21.810381	NaN
22.229811	NaN
22.649242	NaN
23.068672	NaN
23.488102	NaN
23.907534	NaN
24.326963	NaN
24.746393	NaN
25.165825	NaN
25.585255	NaN
26.004684	NaN
26.424116	NaN
26.843546	NaN
27.682405	NaN
28.521267	NaN
29.360128	NaN
30.198988	NaN
31.037849	NaN
31.876711	NaN
32.715572	NaN
33.554432	NaN
34.393291	NaN
35.232155	NaN
36.071014	NaN
36.909874	NaN
37.748737	NaN
38.587597	NaN
39.426456	NaN
40.265320	NaN
41.104179	NaN
41.943039	NaN
42.781902	NaN
43.620762	NaN
44.459621	NaN
45.298485	NaN
46.137344	NaN
46.976204	NaN
47.815067	NaN
48.653927	NaN
49.492786	NaN
50.331650	NaN
51.170509	NaN
52.009369	NaN
52.848232	NaN
53.687092	NaN
55.364811	NaN
57.042534	NaN
58.720257	NaN
60.397976	NaN
62.075699	NaN
63.753422	NaN
65.431145	NaN
67.108864	NaN
68.786583	NaN
70.464310	NaN
72.142029	NaN
73.819748	NaN
75.497475	NaN
77.175194	NaN
78.852913	NaN
80.530640	NaN
82.208359	NaN
83.886078	NaN
85.563805	NaN
87.241524	NaN
88.919243	NaN
90.596970	NaN
92.274689	NaN
93.952408	NaN
95.630135	NaN
97.307854	NaN
98.985573	NaN
100.663300	NaN
102.341019	NaN
104.018738	NaN
105.696465	NaN
107.374184	NaN
110.729622	NaN
114.085068	NaN
117.440514	NaN
120.795952	NaN
124.151398	NaN
127.506844	NaN
130.862289	NaN
134.217728	NaN
137.573166	NaN
140.928619	NaN
144.284058	NaN
147.639496	NaN
150.994949	NaN
154.350388	NaN
157.705826	NaN
161.061279	NaN
164.416718	NaN
167.772156	NaN
171.127609	NaN
174.483047	NaN
177.838486	NaN
181.193939	NaN
184.549377	NaN
187.904816	NaN
191.260269	NaN
194.615707	NaN
197.971146	NaN
201.326599	NaN
204.682037	NaN
208.037476	NaN
211.392929	NaN
214.748367	NaN
221.459244	NaN
228.170135	NaN
234.881027	NaN
241.591904	NaN
248.302795	NaN
255.013687	NaN
261.724579	NaN
268.435455	NaN
275.146332	NaN
281.857239	NaN
288.568115	NaN
295.278992	NaN
301.989899	NaN
308.700775	NaN
315.411652	NaN
322.122559	NaN
328.833435	NaN
335.544312	NaN
342.255219	NaN
348.966095	NaN
355.676971	NaN
362.387878	NaN
369.098755	NaN
375.809631	NaN
382.520538	NaN
389.231415	NaN
395.942291	NaN
402.653198	NaN
409.364075	NaN
416.074951	NaN
422.785858	NaN
429.496735	NaN
442.918488	NaN
456.340271	NaN
469.762054	NaN
483.183807	NaN
496.605591	NaN
510.027374	NaN
523.449158	NaN
536.870911	NaN
550.292664	NaN
563.714478	NaN
577.136230	NaN
590.557983	NaN
603.979797	NaN
617.401550	NaN
630.823303	NaN
644.245117	NaN
657.666870	NaN
671.088623	NaN
684.510437	NaN
697.932190	NaN
711.353943	NaN
724.775757	NaN
738.197510	NaN
751.619263	NaN
765.041077	NaN
778.462830	NaN
791.884583	NaN
805.306396	NaN
818.728149	NaN
832.149902	NaN
845.571716	NaN
858.993469	NaN
885.836975	NaN
912.680542	NaN
939.524109	NaN
966.367615	NaN
993.211182	NaN
1020.054749	NaN
1046.898315	NaN
1073.741821	NaN
1100.585327	NaN
1127.428955	NaN
1154.272461	NaN
1181.115967	NaN
1207.959595	NaN
1234.803101	NaN
1261.646606	NaN
1288.490234	NaN
1315.333740	NaN
1342.177246	NaN
1369.020874	NaN
1395.864380	NaN
1422.707886	NaN
1449.551514	NaN
1476.395020	NaN
1503.238525	NaN
1530.082153	NaN
1556.925659	NaN
1583.769165	NaN
1610.612793	NaN
1637.456299	NaN
1664.299805	NaN
1691.143433	NaN
1717.986938	NaN
1771.673950	NaN
1825.361084	NaN
1879.048218	NaN
1932.735229	NaN
1986.422363	NaN
2040.109497	NaN
2093.796631	NaN
2147.483643	NaN
2201.170654	NaN
2254.857910	NaN
2308.544922	NaN
2362.231934	NaN
2415.919189	NaN
2469.606201	NaN
2523.293213	NaN
2576.980469	NaN
2630.667480	NaN
2684.354492	NaN
2738.041748	NaN
2791.728760	NaN
2845.415771	NaN
2899.103027	NaN
2952.790039	NaN
3006.477051	NaN
3060.164307	NaN
3113.851318	NaN
3167.538330	NaN
3221.225586	NaN
3274.912598	NaN
3328.599609	NaN
3382.286865	NaN
3435.973877	NaN
0.000000	NaN
0.000000	NaN
0.000000	NaN
0.000000	NaN
0.000000	NaN
0.000000	NaN
0.000000	NaN
0.000000	NaN
0.000000	NaN
0.000000	NaN
0.000000	NaN
0.000000	NaN
0.000000	NaN
0.000000	NaN
0.000000	NaN
0.000000	NaN
0.000000	NaN
0.000000	NaN
0.000000	NaN
0.000000	NaN
0.000000	NaN
0.000000	NaN
0.000000	NaN
0.000000	NaN
0.000000	NaN
0.000000	NaN
0.000000	NaN
0.000000	NaN
0.000000	NaN
0.000000	NaN
0.000000	NaN
0.000000	NaN

Count Rate History (KHz)  CR CHA / CR CHB
0.000000	86.860657	88.710785
0.104858	79.383850	80.308914
0.209715	74.949265	73.347092
0.314573	78.144073	80.213547
0.419430	75.073242	76.818466
0.524288	71.430206	73.080063
0.629146	77.915192	79.145432
0.734003	77.371597	78.439713
0.838861	74.501038	73.213577
0.943718	72.870255	75.139999
1.048576	89.712143	95.357895
1.153434	71.611404	67.567825
1.258291	85.992813	89.178085
1.363149	153.455734	166.912079
1.468006	199.785233	211.267471
1.572864	120.058060	122.156143
1.677722	72.622299	71.363449
1.782579	83.360672	86.107254
1.887437	71.134567	74.291229
1.992294	83.322525	82.798004
2.097152	75.712204	76.017380
2.202010	74.300766	72.946548
2.306867	80.614090	84.352493
2.411725	92.058182	93.898773
2.516582	86.612701	90.389252
2.621440	76.751709	76.913834
2.726298	66.156387	64.296722
2.831155	78.649521	80.490112
2.936013	78.182220	80.375671
3.040870	85.306168	85.678101
3.145728	76.904297	80.165863
3.250586	81.348419	79.908371
3.355443	85.697174	86.870193
3.460301	73.223114	73.356628
3.565158	80.966949	81.882477
3.670016	73.509216	71.096420
3.774874	87.509155	89.082718
3.879731	80.957413	83.599091
3.984589	80.242157	80.108643
4.089446	98.924637	101.451874
4.194304	72.298050	77.924728
4.299162	87.881088	89.311600
4.404019	73.862076	73.995590
4.508877	80.890656	78.763962
4.613734	77.838898	77.943802
4.718592	75.235367	77.505112
4.823450	73.499680	70.495605
4.928307	76.065063	81.443787
5.033165	72.698593	68.883896
5.138022	71.506500	72.393417
5.242880	91.943741	90.608597
5.347738	78.420639	79.889297
5.452595	75.378418	77.867508
5.557453	98.285675	100.564957
5.662310	69.675446	76.484680
5.767168	82.683563	80.080032
5.872026	92.611313	94.919205
5.976883	81.729889	83.189011
6.081741	74.119568	73.394775
6.186598	76.513290	75.445175
6.291456	76.627731	79.469681
6.396314	95.758438	97.007751
6.501171	87.385178	86.002350
6.606029	76.694489	78.630447
6.710886	77.228546	75.511932
6.815744	81.415176	83.179474
6.920602	65.889359	66.480637
7.025459	69.799423	66.518784
7.130317	70.552826	67.081451
7.235174	75.731277	78.077316
7.340032	79.393387	80.242157
7.444890	70.114136	70.028305
7.549747	77.123642	75.244904
7.654605	82.321167	83.131790
7.759462	84.581375	85.439682
7.864320	79.965591	82.149506
7.969178	88.243484	92.287064
8.074035	70.161819	71.935654
8.178893	85.706711	87.680817
8.283750	87.881088	90.131760
8.388608	73.337555	74.157715
8.493466	75.845718	78.706741
8.598323	69.627762	68.283081
8.703181	71.897507	72.984695
8.808038	85.935593	86.650848
8.912896	77.648163	76.675415
9.017754	72.259903	72.593689
9.122611	70.314407	72.069168
9.227469	81.892014	84.915161
9.332326	66.165924	70.447922
9.437184	74.110031	70.457458
9.542042	90.122223	95.167160
9.646899	73.413849	73.394775
9.751757	98.018646	100.307465
9.856614	72.984695	72.422028
9.961472	65.507889	68.092346
10.066330	67.186356	67.806244
10.171187	74.405670	77.600479
10.276045	84.848404	87.766647
10.380902	65.279007	63.238144
10.485760	64.163208	63.467026
10.590618	83.885193	88.930130
10.695475	66.146851	62.122345
10.800333	75.502396	77.533722
10.905190	96.206665	94.642639
11.010048	90.560913	91.037750
11.114906	96.378326	98.991394
11.219763	94.022751	101.165771
11.324621	91.333389	91.829300
11.429478	83.732605	85.935593
11.534336	87.337494	89.206696
11.639194	87.394714	88.796616
11.744051	71.744919	72.460175
11.848909	82.702637	90.961456
11.953766	86.641312	80.919266
12.058624	75.769424	78.287125
12.163482	78.792572	79.135895
12.268339	74.558258	75.082779
12.373197	77.180862	76.379776
12.478054	80.070496	81.281662
12.582912	74.415207	75.960159
12.687770	86.612701	90.284348
12.792627	75.950623	75.588226
12.897485	79.183578	81.977844
13.002342	72.832108	74.014664
13.107200	81.224442	81.863403
13.212058	69.208145	69.932938
13.316915	78.268051	77.791214
13.421773	67.663193	65.851212
13.526630	103.673935	110.435486
13.631488	94.614029	92.935562
13.736346	73.175430	75.807571
13.841203	89.120865	89.921951
13.946061	99.315643	99.630356
14.050918	87.909698	97.198486
14.155776	68.807602	67.052841
14.260634	88.005066	93.297958
14.365491	85.992813	89.416504
14.470349	78.678131	81.539154
14.575206	71.020126	71.411133
14.680064	68.149567	68.140030
14.784922	68.626404	67.262650
14.889779	86.193085	88.100433
14.994637	80.671310	83.246231
15.099494	72.727203	73.261261
15.204352	88.119507	90.169907
15.309210	81.100464	84.056854
15.414067	79.097748	78.201294
15.518925	84.047318	87.680817
15.623782	79.517365	77.304840
15.728640	66.585541	65.565109
15.833498	76.684952	80.423355
15.938355	79.517365	81.310272
16.043213	61.388016	58.937073
16.148070	83.875656	89.712143
16.252928	81.529617	79.345703
16.357786	70.905685	70.314407
16.462643	71.010590	72.488785
16.567501	80.862045	84.047318
16.672358	82.225800	82.492828
16.777216	89.893341	90.608597
16.882074	66.900253	70.457458
16.986931	75.254440	71.172714
17.091789	82.187653	88.148117
17.196646	89.397430	93.297958
17.301504	81.472397	83.370209
17.406362	78.573227	79.469681
17.511219	85.630417	93.097687
17.616077	86.040497	79.946518
17.720934	68.702698	67.558289
17.825792	74.625015	80.432892
17.930650	81.434250	78.725815
18.035507	81.691742	80.766678
18.140365	73.432922	78.763962
18.245222	79.402924	79.116821
18.350080	63.934326	64.010620
18.454938	67.720413	68.521500
18.559795	74.548721	72.860718
18.664653	73.251724	72.898865
18.769510	75.988770	78.048706
18.874368	89.416504	90.990067
18.979226	68.607330	68.969727
19.084083	74.129105	73.890686
19.188941	65.479279	64.563751
19.293798	81.586838	81.939697
19.398656	80.184937	80.356598
19.503514	69.904327	67.529678
19.608371	79.088211	78.296661
19.713229	78.973770	79.345703
19.818086	76.875687	77.400208
