1/9/2026	9:49 AM
Pseudo Cross Correlation
Scattering angle:	90.0
Duration (s):	20
Wavelength (nm):	632.8
Refractive index:	1.330
Viscosity (mPas):	0.825
Temperature (K):	301.5
Laser intensity (mW):	8.511900
Average Count rate  A (kHz):	75.3
Average Count rate  B (kHz):	75.7
Intercept:	0.8957
Cumulant 1st	120.76
Cumulant 2nd	117.59	20.26
Cumulant 3rd	117.62	19.93

Lag time (s)         g2-1
1.250000E-8	0.924480
2.500000E-8	0.872065
3.750000E-8	0.928730
5.000000E-8	0.931563
6.250000E-8	0.901814
7.500000E-8	0.907480
8.750000E-8	0.889773
1.000000E-7	0.841607
1.125000E-7	0.886231
1.250000E-7	0.879148
1.375000E-7	0.882689
1.500000E-7	0.913855
1.625000E-7	0.814692
1.750000E-7	0.896147
1.875000E-7	0.928730
2.000000E-7	0.942187
2.125000E-7	0.952104
2.250000E-7	0.856482
2.375000E-7	0.906064
2.500000E-7	0.922355
2.625000E-7	0.895439
2.750000E-7	0.953520
2.875000E-7	0.882689
3.000000E-7	0.862857
3.125000E-7	0.894022
3.250000E-7	0.869940
3.375000E-7	0.916688
3.500000E-7	0.881273
3.625000E-7	0.898981
3.750000E-7	0.997436
3.875000E-7	0.860732
4.000000E-7	0.876315
4.125000E-7	0.886231
4.250000E-7	0.874898
4.375000E-7	0.905355
4.500000E-7	0.912438
4.625000E-7	0.966270
4.750000E-7	0.915272
4.875000E-7	0.938646
5.000000E-7	0.856482
5.125000E-7	0.828858
5.250000E-7	0.893314
5.375000E-7	0.877023
5.500000E-7	0.901105
5.625000E-7	0.986103
5.750000E-7	0.938646
5.875000E-7	0.969812
6.000000E-7	0.905355
6.125000E-7	0.867815
6.250000E-7	0.815400
6.375000E-7	0.874898
6.500000E-7	0.920938
6.625000E-7	0.902522
6.750000E-7	0.875606
6.875000E-7	0.872773
7.000000E-7	0.896147
7.125000E-7	0.900397
7.250000E-7	0.935104
7.375000E-7	0.852232
7.500000E-7	0.889773
7.625000E-7	0.946437
7.750000E-7	0.913855
7.875000E-7	0.969812
8.000000E-7	0.876315
8.250000E-7	0.898272
8.500000E-7	0.918459
8.750000E-7	0.894731
9.000000E-7	0.932625
9.250000E-7	0.923417
9.500000E-7	0.890481
9.750000E-7	0.892960
1.000000E-6	0.920230
1.025000E-6	0.897564
1.050000E-6	0.979020
1.075000E-6	0.908189
1.100000E-6	0.886939
1.125000E-6	0.885877
1.150000E-6	0.907480
1.175000E-6	0.846211
1.200000E-6	0.901814
1.225000E-6	0.902522
1.250000E-6	0.902168
1.275000E-6	0.850815
1.300000E-6	0.908543
1.325000E-6	0.908189
1.350000E-6	0.907480
1.375000E-6	0.882689
1.400000E-6	0.866044
1.425000E-6	0.899335
1.450000E-6	0.900043
1.475000E-6	0.878440
1.500000E-6	0.878440
1.525000E-6	0.914563
1.550000E-6	0.879856
1.575000E-6	0.863211
1.600000E-6	0.905710
1.650000E-6	0.874898
1.700000E-6	0.920938
1.750000E-6	0.886939
1.800000E-6	0.911907
1.850000E-6	0.904824
1.900000E-6	0.865690
1.950000E-6	0.901814
2.000000E-6	0.891720
2.050000E-6	0.891720
2.100000E-6	0.900574
2.150000E-6	0.907126
2.200000E-6	0.911553
2.250000E-6	0.876138
2.300000E-6	0.915272
2.350000E-6	0.902168
2.400000E-6	0.902168
2.450000E-6	0.884106
2.500000E-6	0.895793
2.550000E-6	0.866930
2.600000E-6	0.857367
2.650000E-6	0.869586
2.700000E-6	0.893491
2.750000E-6	0.895793
2.800000E-6	0.858784
2.850000E-6	0.873658
2.900000E-6	0.896324
2.950000E-6	0.915095
3.000000E-6	0.890127
3.050000E-6	0.925011
3.100000E-6	0.869409
3.150000E-6	0.897033
3.200000E-6	0.863919
3.300000E-6	0.882601
3.400000E-6	0.869320
3.500000E-6	0.881627
3.600000E-6	0.911287
3.700000E-6	0.889595
3.800000E-6	0.890924
3.900000E-6	0.901017
4.000000E-6	0.882689
4.100000E-6	0.886939
4.200000E-6	0.896236
4.300000E-6	0.887382
4.400000E-6	0.886939
4.500000E-6	0.923860
4.600000E-6	0.913589
4.700000E-6	0.887028
4.800000E-6	0.881184
4.900000E-6	0.871622
5.000000E-6	0.911730
5.100000E-6	0.880919
5.200000E-6	0.901991
5.300000E-6	0.914032
5.400000E-6	0.878617
5.500000E-6	0.889595
5.600000E-6	0.884726
5.700000E-6	0.882335
5.800000E-6	0.872419
5.900000E-6	0.873127
6.000000E-6	0.870028
6.100000E-6	0.870382
6.200000E-6	0.886320
6.300000E-6	0.894111
6.400000E-6	0.900928
6.600000E-6	0.885257
6.800000E-6	0.891588
7.000000E-6	0.884726
7.200000E-6	0.890171
7.400000E-6	0.881538
7.600000E-6	0.883221
7.800000E-6	0.889861
8.000000E-6	0.873658
8.200000E-6	0.897387
8.400000E-6	0.877466
8.600000E-6	0.881184
8.800000E-6	0.882999
9.000000E-6	0.882734
9.200000E-6	0.876005
9.400000E-6	0.889905
9.600000E-6	0.874278
9.800000E-6	0.892960
1.000000E-5	0.871666
1.020000E-5	0.884017
1.040000E-5	0.883486
1.060000E-5	0.884327
1.080000E-5	0.888046
1.100000E-5	0.880919
1.120000E-5	0.865911
1.140000E-5	0.879812
1.160000E-5	0.879413
1.180000E-5	0.883265
1.200000E-5	0.887559
1.220000E-5	0.879104
1.240000E-5	0.880387
1.260000E-5	0.889020
1.280000E-5	0.868789
1.320000E-5	0.865911
1.360000E-5	0.878373
1.400000E-5	0.881760
1.440000E-5	0.865911
1.480000E-5	0.867461
1.520000E-5	0.874035
1.560000E-5	0.879015
1.600000E-5	0.870692
1.640000E-5	0.883973
1.680000E-5	0.881406
1.720000E-5	0.858828
1.760000E-5	0.870582
1.800000E-5	0.869165
1.840000E-5	0.861307
1.880000E-5	0.856836
1.920000E-5	0.859382
1.960000E-5	0.857744
2.000000E-5	0.863322
2.040000E-5	0.857921
2.080000E-5	0.862370
2.120000E-5	0.846101
2.160000E-5	0.859780
2.200000E-5	0.864362
2.240000E-5	0.875009
2.280000E-5	0.855707
2.320000E-5	0.855043
2.360000E-5	0.874522
2.400000E-5	0.861086
2.440000E-5	0.856371
2.480000E-5	0.855552
2.520000E-5	0.860068
2.560000E-5	0.855906
2.640000E-5	0.862558
2.720000E-5	0.855497
2.800000E-5	0.856781
2.880000E-5	0.855176
2.960000E-5	0.854003
3.040000E-5	0.847385
3.120000E-5	0.851313
3.200000E-5	0.843976
3.280000E-5	0.850760
3.360000E-5	0.840800
3.440000E-5	0.842615
3.520000E-5	0.846632
3.600000E-5	0.844850
3.680000E-5	0.835111
3.760000E-5	0.840921
3.840000E-5	0.838453
3.920000E-5	0.850328
4.000000E-5	0.834790
4.080000E-5	0.840169
4.160000E-5	0.833196
4.240000E-5	0.837335
4.320000E-5	0.833606
4.400000E-5	0.832488
4.480000E-5	0.828648
4.560000E-5	0.833916
4.640000E-5	0.832643
4.720000E-5	0.826711
4.800000E-5	0.822793
4.880000E-5	0.830064
4.960000E-5	0.821996
5.040000E-5	0.830086
5.120000E-5	0.823712
5.280000E-5	0.819935
5.440000E-5	0.819376
5.600000E-5	0.812133
5.760000E-5	0.811176
5.920000E-5	0.814584
6.080000E-5	0.810158
6.240000E-5	0.812802
6.400000E-5	0.809730
6.560000E-5	0.803024
6.720000E-5	0.802730
6.880000E-5	0.806442
7.040000E-5	0.800074
7.200000E-5	0.796815
7.360000E-5	0.795149
7.520000E-5	0.797386
7.680000E-5	0.791094
7.840000E-5	0.788376
8.000000E-5	0.785316
8.160000E-5	0.786626
8.320000E-5	0.782227
8.480000E-5	0.781170
8.640000E-5	0.777644
8.800000E-5	0.777655
8.960000E-5	0.777295
9.120000E-5	0.769871
9.280000E-5	0.773252
9.440000E-5	0.763646
9.600000E-5	0.765394
9.760000E-5	0.759512
9.920000E-5	0.759584
0.000101	0.762229
0.000102	0.758488
0.000106	0.753738
0.000109	0.751318
0.000112	0.749008
0.000115	0.738716
0.000118	0.739279
0.000122	0.736656
0.000125	0.728951
0.000128	0.729575
0.000131	0.727870
0.000134	0.724799
0.000138	0.714853
0.000141	0.715121
0.000144	0.709471
0.000147	0.705919
0.000150	0.703815
0.000154	0.700400
0.000157	0.695546
0.000160	0.692269
0.000163	0.691639
0.000166	0.686496
0.000170	0.684233
0.000173	0.679502
0.000176	0.677880
0.000179	0.674477
0.000182	0.673842
0.000186	0.664897
0.000189	0.662743
0.000192	0.656212
0.000195	0.654006
0.000198	0.654695
0.000202	0.647460
0.000205	0.649204
0.000211	0.637997
0.000218	0.634928
0.000224	0.626625
0.000230	0.624155
0.000237	0.615819
0.000243	0.610465
0.000250	0.603911
0.000256	0.594707
0.000262	0.590123
0.000269	0.584295
0.000275	0.577888
0.000282	0.572995
0.000288	0.567474
0.000294	0.564542
0.000301	0.556037
0.000307	0.551126
0.000314	0.546976
0.000320	0.542611
0.000326	0.534268
0.000333	0.529879
0.000339	0.523171
0.000346	0.518635
0.000352	0.512751
0.000358	0.510205
0.000365	0.502780
0.000371	0.501096
0.000378	0.494096
0.000384	0.488658
0.000390	0.484701
0.000397	0.475976
0.000403	0.472693
0.000410	0.470999
0.000422	0.459914
0.000435	0.452965
0.000448	0.443788
0.000461	0.436155
0.000474	0.427015
0.000486	0.418511
0.000499	0.409918
0.000512	0.402361
0.000525	0.393757
0.000538	0.388146
0.000550	0.380420
0.000563	0.372439
0.000576	0.365568
0.000589	0.357712
0.000602	0.350093
0.000614	0.343706
0.000627	0.338428
0.000640	0.329138
0.000653	0.324450
0.000666	0.319033
0.000678	0.311730
0.000691	0.305539
0.000704	0.301577
0.000717	0.295311
0.000730	0.290098
0.000742	0.283490
0.000755	0.277791
0.000768	0.271648
0.000781	0.265296
0.000794	0.261782
0.000806	0.258063
0.000819	0.251664
0.000845	0.242453
0.000870	0.231165
0.000896	0.223468
0.000922	0.214743
0.000947	0.205368
0.000973	0.198112
0.000998	0.189892
0.001024	0.181847
0.001050	0.175627
0.001075	0.168207
0.001101	0.161448
0.001126	0.155894
0.001152	0.149263
0.001178	0.142589
0.001203	0.137504
0.001229	0.132228
0.001254	0.127095
0.001280	0.121724
0.001306	0.118683
0.001331	0.113616
0.001357	0.110006
0.001382	0.106434
0.001408	0.103879
0.001434	0.100151
0.001459	0.096804
0.001485	0.092882
0.001510	0.091860
0.001536	0.087826
0.001562	0.085827
0.001587	0.083827
0.001613	0.081046
0.001638	0.078390
0.001690	0.073227
0.001741	0.068780
0.001792	0.064399
0.001843	0.059742
0.001894	0.054834
0.001946	0.050785
0.001997	0.046520
0.002048	0.043896
0.002099	0.040012
0.002150	0.037324
0.002202	0.033513
0.002253	0.030084
0.002304	0.027426
0.002355	0.025004
0.002406	0.022704
0.002458	0.021482
0.002509	0.020501
0.002560	0.018076
0.002611	0.017309
0.002662	0.015252
0.002714	0.015034
0.002765	0.013960
0.002816	0.012988
0.002867	0.013116
0.002918	0.012495
0.002970	0.012256
0.003021	0.012902
0.003072	0.011721
0.003123	0.011553
0.003174	0.011782
0.003226	0.010786
0.003277	0.009452
0.003379	0.007584
0.003482	0.008031
0.003584	0.009345
0.003686	0.009074
0.003789	0.009340
0.003891	0.009742
0.003994	0.009729
0.004096	0.008713
0.004198	0.009099
0.004301	0.009182
0.004403	0.009850
0.004506	0.011297
0.004608	0.010068
0.004710	0.009702
0.004813	0.008989
0.004915	0.009188
0.005018	0.008023
0.005120	0.007450
0.005222	0.007738
0.005325	0.006712
0.005427	0.006555
0.005530	0.006733
0.005632	0.006757
0.005734	0.006626
0.005837	0.006621
0.005939	0.004884
0.006042	0.005446
0.006144	0.005154
0.006246	0.004135
0.006349	0.002524
0.006451	0.001613
0.006554	0.001195
0.006758	0.001532
0.006963	0.002959
0.007168	-0.000406
0.007373	-0.003882
0.007578	-0.005956
0.007782	-0.005820
0.007987	-0.006950
0.008192	-0.008180
0.008397	-0.007108
0.008602	-0.004428
0.008806	-0.003468
0.009011	0.000388
0.009216	0.002683
0.009421	0.004378
0.009626	0.005286
0.009830	0.004781
0.010035	0.004170
0.010240	0.002412
0.010445	0.000305
0.010650	-0.000683
0.010854	-0.000141
0.011059	0.000614
0.011264	0.000368
0.011469	0.000972
0.011674	0.001862
0.011878	0.002742
0.012083	0.003087
0.012288	0.002482
0.012493	0.000718
0.012698	-0.001789
0.012902	-0.002179
0.013107	-0.001173
0.013517	-0.003435
0.013926	-0.004189
0.014336	-0.004184
0.014746	-0.003530
0.015155	0.000580
0.015565	0.003027
0.015974	0.003071
0.016384	0.005483
0.016794	0.004465
0.017203	0.002467
0.017613	-0.004184
0.018022	-0.008747
0.018432	-0.011624
0.018842	-0.009257
0.019251	-0.004853
0.019661	0.000924
0.020070	-0.000840
0.020480	0.000667
0.020890	0.004306
0.021299	0.005994
0.021709	0.004075
0.022118	0.000220
0.022528	-0.004625
0.022938	-0.007870
0.023347	-0.005748
0.023757	-1.526037E-5
0.024166	0.005741
0.024576	0.006208
0.024986	0.004535
0.025395	0.003660
0.025805	0.002964
0.026214	0.001664
0.027034	0.003996
0.027853	0.003129
0.028672	0.003617
0.029491	0.006198
0.030310	0.006139
0.031130	0.006822
0.031949	0.007989
0.032768	0.001351
0.033587	0.004143
0.034406	0.002570
0.035226	0.003701
0.036045	0.007292
0.036864	0.005206
0.037683	0.000914
0.038502	-0.002875
0.039322	-0.007858
0.040141	-0.006483
0.040960	-0.000328
0.041779	0.004243
0.042598	0.005044
0.043418	0.001018
0.044237	-0.002692
0.045056	0.000527
0.045875	-4.780476E-5
0.046694	0.002724
0.047514	0.000550
0.048333	-0.000433
0.049152	0.005715
0.049971	0.004303
0.050790	0.007214
0.051610	0.011529
0.052429	0.011253
0.054067	0.001102
0.055706	0.001401
0.057344	0.006228
0.058982	-0.002888
0.060621	-0.001879
0.062259	0.006872
0.063898	0.001015
0.065536	0.006962
0.067174	0.004597
0.068813	0.001778
0.070451	0.001081
0.072090	0.005362
0.073728	0.001037
0.075366	-0.003629
0.077005	-0.003665
0.078643	-0.001112
0.080282	0.006560
0.081920	0.006098
0.083558	-0.002659
0.085197	-0.008121
0.086835	0.004390
0.088474	0.007672
0.090112	0.000673
0.091750	0.005097
0.093389	0.002047
0.095027	0.005873
0.096666	0.007000
0.098304	-0.004022
0.099942	-0.006899
0.101581	0.000634
0.103219	0.002782
0.104858	-0.000649
0.108134	0.004236
0.111411	-0.001442
0.114688	0.004410
0.117965	0.000998
0.121242	-0.001474
0.124518	-0.008076
0.127795	0.002198
0.131072	0.002231
0.134349	0.001698
0.137626	0.004953
0.140902	0.006568
0.144179	-0.002081
0.147456	0.004809
0.150733	-0.003586
0.154010	0.008176
0.157286	-0.001275
0.160563	0.004037
0.163840	0.005586
0.167117	-0.002299
0.170394	-0.000680
0.173670	0.004498
0.176947	0.007261
0.180224	0.006384
0.183501	0.003127
0.186778	0.001248
0.190054	0.002081
0.193331	0.003884
0.196608	-0.007468
0.199885	-0.003652
0.203162	0.005911
0.206438	0.007191
0.209715	0.002047
0.216269	0.000108
0.222822	-0.000688
0.229376	0.001886
0.235930	-0.001735
0.242483	-0.004719
0.249037	0.001969
0.255590	0.003086
0.262144	-0.003769
0.268698	0.001820
0.275251	-0.000533
0.281805	0.005500
0.288358	0.001975
0.294912	0.002505
0.301466	-0.000385
0.308019	-0.002100
0.314573	8.391915E-6
0.321126	0.001643
0.327680	-0.000988
0.334234	-0.000783
0.340787	0.005702
0.347341	0.003031
0.353894	0.004064
0.360448	-0.001842
0.367002	0.000927
0.373555	-0.001442
0.380109	0.001465
0.386662	-0.001511
0.393216	-0.000206
0.399770	0.002282
0.406323	0.001908
0.412877	-0.005975
0.419430	0.004874
0.432538	-0.002839
0.445645	0.001357
0.458752	-0.001105
0.471859	0.001179
0.484966	0.001804
0.498074	-0.002006
0.511181	-0.002509
0.524288	-0.004494
0.537395	0.000929
0.550502	-0.004190
0.563610	-0.000447
0.576717	0.002429
0.589824	-0.000710
0.602931	0.002481
0.616038	0.001771
0.629146	-0.000482
0.642253	-0.002221
0.655360	5.971354E-5
0.668467	0.004288
0.681574	-0.000675
0.694682	0.001715
0.707789	-0.001793
0.720896	0.005505
0.734003	-0.000366
0.747110	-1.437713E-5
0.760218	0.004458
0.773325	-0.000314
0.786432	-0.003385
0.799539	0.002193
0.812646	-0.000401
0.825754	0.001928
0.838861	0.000726
0.865075	-0.000730
0.891290	0.001097
0.917504	0.001264
0.943718	-0.002329
0.969933	-0.003900
0.996147	-0.001702
1.022362	-0.002634
1.048576	-0.001499
1.074790	-0.000155
1.101005	-0.001299
1.127219	-0.001507
1.153434	-0.001326
1.179648	-0.002853
1.205862	-0.000126
1.232077	-0.003090
1.258291	-0.000845
1.284506	-0.001918
1.310720	0.000357
1.336934	-0.002210
1.363149	0.000139
1.389363	0.000284
1.415578	0.002904
1.441792	0.000523
1.468006	0.000675
1.494221	0.000722
1.520435	0.002127
1.546650	-0.001256
1.572864	-0.001387
1.599078	0.000125
1.625293	-0.001044
1.651507	-0.000212
1.677722	0.002019
1.730150	-0.000175
1.782579	0.001072
1.835008	-0.001022
1.887437	-0.001305
1.939866	0.000266
1.992294	-0.000402
2.044723	0.000447
2.097152	-0.000395
2.149581	0.001007
2.202010	0.002643
2.254438	0.000385
2.306867	0.000810
2.359296	-0.001755
2.411725	0.000446
2.464154	-0.002065
2.516582	-0.001130
2.569011	-0.000549
2.621440	-0.001685
2.673869	-0.002277
2.726298	-0.001016
2.778726	-0.000697
2.831155	-0.000398
2.883584	0.000646
2.936013	-0.000401
2.988442	-0.001872
3.040870	-4.069129E-5
3.093299	0.001777
3.145728	-0.001424
3.198157	0.000111
3.250586	-0.002429
3.303015	0.000402
3.355443	-0.000795
3.460301	0.000229
3.565158	0.000830
3.670016	0.002314
3.774873	0.001305
3.879731	0.000830
3.984589	0.001743
4.089447	0.001592
4.194304	0.001440
4.299161	0.002082
4.404019	0.003786
4.508877	0.000258
4.613734	-0.000926
4.718592	-0.002042
4.823450	-0.002094
4.928307	-0.002314
5.033165	-0.001541
5.138022	-0.001208
5.242880	-0.000148
5.347738	-0.002502
5.452595	-0.001985
5.557453	-0.000639
5.662311	-0.000767
5.767168	0.000105
5.872025	0.002842
5.976883	0.001019
6.081741	-0.001309
6.186598	0.000185
6.291456	-0.000669
6.396314	-0.000132
6.501171	0.000509
6.606029	0.001677
6.710886	-0.000481
6.920601	-0.001513
7.130317	-0.001575
7.340032	0.000506
7.549747	0.002108
7.759462	0.001003
7.969178	0.001306
8.178893	0.001812
8.388608	0.001415
8.598323	-0.001134
8.808039	-0.000158
9.017754	-0.002053
9.227468	-0.001695
9.437184	-0.000447
9.646899	0.001628
9.856614	0.000382
10.066330	0.000163
10.276045	0.000728
10.485760	-8.196616E-5
10.695476	0.000530
10.905190	0.000518
11.114905	0.000495
11.324621	-0.000104
11.534336	0.000112
11.744051	0.001547
11.953767	0.001943
12.163482	-0.000120
12.373197	0.000250
12.582912	0.000423
12.792627	-0.001213
13.002342	-0.002745
13.212058	-0.000754
13.421773	-0.000461
13.841203	-0.000613
14.260633	-9.692508E-5
14.680064	0.000348
15.099494	-0.000253
15.518925	0.000723
15.938355	0.000247
16.357786	0.000204
16.777216	-0.000654
17.196646	-0.001023
17.616077	0.001797
18.035507	-0.001570
18.454937	0.002349
18.874369	0.000000
19.293798	NaN
19.713228	NaN
20.132660	NaN
20.552090	NaN
20.971519	NaN
21.390951	NaN
21.810381	NaN
22.229811	NaN
22.649242	NaN
23.068672	NaN
23.488102	NaN
23.907534	NaN
24.326963	NaN
24.746393	NaN
25.165825	NaN
25.585255	NaN
26.004684	NaN
26.424116	NaN
26.843546	NaN
27.682405	NaN
28.521267	NaN
29.360128	NaN
30.198988	NaN
31.037849	NaN
31.876711	NaN
32.715572	NaN
33.554432	NaN
34.393291	NaN
35.232155	NaN
36.071014	NaN
36.909874	NaN
37.748737	NaN
38.587597	NaN
39.426456	NaN
40.265320	NaN
41.104179	NaN
41.943039	NaN
42.781902	NaN
43.620762	NaN
44.459621	NaN
45.298485	NaN
46.137344	NaN
46.976204	NaN
47.815067	NaN
48.653927	NaN
49.492786	NaN
50.331650	NaN
51.170509	NaN
52.009369	NaN
52.848232	NaN
53.687092	NaN
55.364811	NaN
57.042534	NaN
58.720257	NaN
60.397976	NaN
62.075699	NaN
63.753422	NaN
65.431145	NaN
67.108864	NaN
68.786583	NaN
70.464310	NaN
72.142029	NaN
73.819748	NaN
75.497475	NaN
77.175194	NaN
78.852913	NaN
80.530640	NaN
82.208359	NaN
83.886078	NaN
85.563805	NaN
87.241524	NaN
88.919243	NaN
90.596970	NaN
92.274689	NaN
93.952408	NaN
95.630135	NaN
97.307854	NaN
98.985573	NaN
100.663300	NaN
102.341019	NaN
104.018738	NaN
105.696465	NaN
107.374184	NaN
110.729622	NaN
114.085068	NaN
117.440514	NaN
120.795952	NaN
124.151398	NaN
127.506844	NaN
130.862289	NaN
134.217728	NaN
137.573166	NaN
140.928619	NaN
144.284058	NaN
147.639496	NaN
150.994949	NaN
154.350388	NaN
157.705826	NaN
161.061279	NaN
164.416718	NaN
167.772156	NaN
171.127609	NaN
174.483047	NaN
177.838486	NaN
181.193939	NaN
184.549377	NaN
187.904816	NaN
191.260269	NaN
194.615707	NaN
197.971146	NaN
201.326599	NaN
204.682037	NaN
208.037476	NaN
211.392929	NaN
214.748367	NaN
221.459244	NaN
228.170135	NaN
234.881027	NaN
241.591904	NaN
248.302795	NaN
255.013687	NaN
261.724579	NaN
268.435455	NaN
275.146332	NaN
281.857239	NaN
288.568115	NaN
295.278992	NaN
301.989899	NaN
308.700775	NaN
315.411652	NaN
322.122559	NaN
328.833435	NaN
335.544312	NaN
342.255219	NaN
348.966095	NaN
355.676971	NaN
362.387878	NaN
369.098755	NaN
375.809631	NaN
382.520538	NaN
389.231415	NaN
395.942291	NaN
402.653198	NaN
409.364075	NaN
416.074951	NaN
422.785858	NaN
429.496735	NaN
442.918488	NaN
456.340271	NaN
469.762054	NaN
483.183807	NaN
496.605591	NaN
510.027374	NaN
523.449158	NaN
536.870911	NaN
550.292664	NaN
563.714478	NaN
577.136230	NaN
590.557983	NaN
603.979797	NaN
617.401550	NaN
630.823303	NaN
644.245117	NaN
657.666870	NaN
671.088623	NaN
684.510437	NaN
697.932190	NaN
711.353943	NaN
724.775757	NaN
738.197510	NaN
751.619263	NaN
765.041077	NaN
778.462830	NaN
791.884583	NaN
805.306396	NaN
818.728149	NaN
832.149902	NaN
845.571716	NaN
858.993469	NaN
885.836975	NaN
912.680542	NaN
939.524109	NaN
966.367615	NaN
993.211182	NaN
1020.054749	NaN
1046.898315	NaN
1073.741821	NaN
1100.585327	NaN
1127.428955	NaN
1154.272461	NaN
1181.115967	NaN
1207.959595	NaN
1234.803101	NaN
1261.646606	NaN
1288.490234	NaN
1315.333740	NaN
1342.177246	NaN
1369.020874	NaN
1395.864380	NaN
1422.707886	NaN
1449.551514	NaN
1476.395020	NaN
1503.238525	NaN
1530.082153	NaN
1556.925659	NaN
1583.769165	NaN
1610.612793	NaN
1637.456299	NaN
1664.299805	NaN
1691.143433	NaN
1717.986938	NaN
1771.673950	NaN
1825.361084	NaN
1879.048218	NaN
1932.735229	NaN
1986.422363	NaN
2040.109497	NaN
2093.796631	NaN
2147.483643	NaN
2201.170654	NaN
2254.857910	NaN
2308.544922	NaN
2362.231934	NaN
2415.919189	NaN
2469.606201	NaN
2523.293213	NaN
2576.980469	NaN
2630.667480	NaN
2684.354492	NaN
2738.041748	NaN
2791.728760	NaN
2845.415771	NaN
2899.103027	NaN
2952.790039	NaN
3006.477051	NaN
3060.164307	NaN
3113.851318	NaN
3167.538330	NaN
3221.225586	NaN
3274.912598	NaN
3328.599609	NaN
3382.286865	NaN
3435.973877	NaN
0.000000	NaN
0.000000	NaN
0.000000	NaN
0.000000	NaN
0.000000	NaN
0.000000	NaN
0.000000	NaN
0.000000	NaN
0.000000	NaN
0.000000	NaN
0.000000	NaN
0.000000	NaN
0.000000	NaN
0.000000	NaN
0.000000	NaN
0.000000	NaN
0.000000	NaN
0.000000	NaN
0.000000	NaN
0.000000	NaN
0.000000	NaN
0.000000	NaN
0.000000	NaN
0.000000	NaN
0.000000	NaN
0.000000	NaN
0.000000	NaN
0.000000	NaN
0.000000	NaN
0.000000	NaN
0.000000	NaN
0.000000	NaN

Count Rate History (KHz)  CR CHA / CR CHB
0.000000	84.400177	87.099075
0.104858	77.247620	77.657700
0.209715	72.383881	72.584152
0.314573	89.921951	93.154907
0.419430	69.313049	68.368912
0.524288	62.999725	63.486099
0.629146	74.625015	80.490112
0.734003	72.040558	72.565079
0.838861	67.148209	65.965652
0.943718	91.390610	93.946457
1.048576	70.705414	69.074631
1.153434	72.650909	72.879791
1.258291	60.043335	59.366226
1.363149	67.653656	67.968369
1.468006	66.652298	65.908432
1.572864	71.372986	74.071884
1.677722	77.600479	76.408386
1.782579	93.183517	90.789795
1.887437	68.931580	71.249008
1.992294	76.665878	78.449249
2.097152	71.887970	71.792603
2.202010	80.461502	83.398819
2.306867	75.407028	69.618225
2.411725	89.120865	94.938278
2.516582	93.765259	94.137192
2.621440	86.526871	86.107254
2.726298	87.442398	87.738037
2.831155	67.901611	69.608688
2.936013	71.620941	68.559647
3.040870	76.141357	76.551437
3.145728	78.601837	80.862045
3.250586	69.408417	67.729950
3.355443	83.742142	84.772110
3.460301	71.010590	74.930191
3.565158	74.014664	77.733994
3.670016	85.372925	80.375671
3.774874	71.239471	71.468353
3.879731	79.517365	81.920624
3.984589	81.233978	79.298019
4.089446	75.616837	79.889297
4.194304	75.359344	73.242187
4.299162	60.520172	60.777664
4.404019	95.968246	96.979141
4.508877	75.578690	75.159073
4.613734	87.699890	89.321136
4.718592	80.070496	82.740784
4.823450	81.949234	81.434250
4.928307	65.717697	65.727234
5.033165	75.969696	74.520111
5.138022	76.026917	76.971054
5.242880	67.472458	65.717697
5.347738	75.969696	79.565048
5.452595	75.788498	72.813034
5.557453	69.713593	67.787170
5.662310	75.750351	76.875687
5.767168	66.146851	67.386627
5.872026	79.059601	78.649521
5.976883	84.295273	86.746216
6.081741	79.336166	80.070496
6.186598	96.969604	99.716187
6.291456	83.532333	82.283020
6.396314	76.971054	76.465607
6.501171	79.631805	80.738068
6.606029	90.274811	90.541840
6.710886	74.472427	76.551437
6.815744	96.197128	95.214844
6.920602	83.932877	84.924698
7.025459	75.654984	76.246262
7.130317	63.285828	65.174103
7.235174	62.417984	60.911179
7.340032	79.374313	79.879761
7.444890	62.494278	63.180923
7.549747	72.116852	70.953369
7.654605	71.287155	73.938370
7.759462	72.031021	71.420670
7.864320	61.969757	60.157776
7.969178	74.348450	75.387955
8.074035	67.901611	71.601868
8.178893	73.461533	70.323944
8.283750	78.144073	81.434250
8.388608	84.228516	81.148148
8.493466	71.382523	71.773529
8.598323	72.975159	73.556900
8.703181	75.359344	74.586868
8.808038	66.394806	64.182281
8.912896	66.204071	66.595078
9.017754	84.714890	87.890625
9.122611	79.479218	77.848434
9.227469	71.201324	70.152283
9.332326	70.314407	76.770782
9.437184	72.002411	68.750381
9.542042	72.631836	73.833466
9.646899	76.465607	75.817108
9.751757	77.428818	80.184937
9.856614	80.289841	79.174042
9.961472	64.868927	66.738129
10.066330	77.838898	80.270767
10.171187	83.713531	85.859299
10.276045	95.453262	91.495514
10.380902	82.454681	84.075928
10.485760	80.394745	82.454681
10.590618	88.434219	93.517303
10.695475	65.679550	63.619614
10.800333	65.059662	66.165924
10.905190	73.146820	73.966980
11.010048	67.195892	70.362091
11.114906	75.960159	72.212219
11.219763	73.595047	73.289871
11.324621	64.115524	65.269470
11.429478	74.796677	77.161789
11.534336	70.962906	71.163177
11.639194	63.447952	63.276291
11.744051	71.134567	71.706772
11.848909	70.104599	71.725845
11.953766	60.071945	58.736801
12.058624	78.926086	81.710815
12.163482	74.872971	75.626373
12.268339	70.753098	73.223114
12.373197	71.935654	70.266724
12.478054	70.934296	72.355270
12.582912	78.878403	80.099106
12.687770	79.212189	79.622269
12.792627	78.306198	80.547333
12.897485	71.773529	72.288513
13.002342	62.980652	58.841705
13.107200	77.495575	78.668594
13.212058	84.152222	87.528229
13.316915	74.825287	74.844360
13.421773	76.885223	79.517365
13.526630	70.419312	70.810318
13.631488	69.332123	70.142746
13.736346	77.295303	76.656342
13.841203	64.344406	62.179565
13.946061	71.220398	73.766708
14.050918	73.738098	78.563690
14.155776	86.088181	85.535049
14.260634	97.608566	97.818375
14.365491	86.402893	87.518692
14.470349	79.202652	84.762573
14.575206	98.333359	90.990067
14.680064	76.026917	75.283051
14.784922	75.807571	78.420639
14.889779	82.721710	82.817078
14.994637	73.738098	73.680878
15.099494	65.574646	64.754486
15.204352	68.979263	69.131851
15.309210	66.442490	65.603256
15.414067	85.973740	85.620880
15.518925	63.991547	64.725876
15.623782	76.513290	75.473785
15.728640	79.870224	82.321167
15.833498	80.442429	81.377029
15.938355	66.623688	67.348480
16.043213	80.852509	83.780289
16.148070	81.539154	80.108643
16.252928	65.736771	66.089630
16.357786	63.838959	66.499710
16.462643	73.461533	74.357986
16.567501	79.708099	79.622269
16.672358	78.706741	78.954697
16.777216	71.353912	72.517395
16.882074	69.808960	69.818497
16.986931	58.326721	57.239532
17.091789	74.253082	76.799393
17.196646	78.573227	79.345703
17.301504	68.492889	68.092346
17.406362	73.909760	74.777603
17.511219	81.615448	80.995560
17.616077	84.075928	83.551407
17.720934	71.830750	70.114136
17.825792	69.694519	71.983337
17.930650	78.115463	78.849792
18.035507	76.360703	77.905655
18.140365	81.110001	81.024170
18.245222	64.439774	62.685013
18.350080	69.990158	67.777634
18.454938	65.031052	64.382553
18.559795	81.253052	83.675385
18.664653	90.522766	89.254379
18.769510	70.018768	70.219040
18.874368	73.194504	70.753098
18.979226	78.325272	79.469681
19.084083	73.108673	71.926117
19.188941	66.642761	67.014694
19.293798	67.281723	68.979263
19.398656	86.202621	85.239410
19.503514	66.900253	66.576004
19.608371	62.789917	60.110092
19.713229	69.456100	71.001053
