1/9/2026	9:32 AM
Pseudo Cross Correlation
Scattering angle:	90.0
Duration (s):	20
Wavelength (nm):	632.8
Refractive index:	1.330
Viscosity (mPas):	0.826
Temperature (K):	301.5
Laser intensity (mW):	8.480952
Average Count rate  A (kHz):	59.1
Average Count rate  B (kHz):	57.4
Intercept:	0.8590
Cumulant 1st	118.16
Cumulant 2nd	113.09	24.94
Cumulant 3rd	114.50	12.49

Lag time (s)         g2-1
1.250000E-8	0.829408
2.500000E-8	0.879246
3.750000E-8	0.868306
5.000000E-8	0.912066
6.250000E-8	0.941239
7.500000E-8	0.880461
8.750000E-8	0.801450
1.000000E-7	0.874384
1.125000E-7	0.942455
1.250000E-7	0.874384
1.375000E-7	0.891401
1.500000E-7	0.856150
1.625000E-7	0.858581
1.750000E-7	0.828193
1.875000E-7	0.880461
2.000000E-7	0.885324
2.125000E-7	0.998370
2.250000E-7	0.850073
2.375000E-7	0.909635
2.500000E-7	0.926652
2.625000E-7	0.853719
2.750000E-7	0.835486
2.875000E-7	0.882892
3.000000E-7	0.960688
3.125000E-7	0.916928
3.250000E-7	0.854935
3.375000E-7	0.905988
3.500000E-7	0.756475
3.625000E-7	0.850073
3.750000E-7	0.826977
3.875000E-7	0.908419
4.000000E-7	0.851288
4.125000E-7	0.876815
4.250000E-7	0.862228
4.375000E-7	0.842779
4.500000E-7	0.749182
4.625000E-7	0.845210
4.750000E-7	0.846426
4.875000E-7	0.831839
5.000000E-7	0.843995
5.125000E-7	0.865875
5.250000E-7	0.822115
5.375000E-7	0.857366
5.500000E-7	0.901126
5.625000E-7	0.893833
5.750000E-7	0.764984
5.875000E-7	0.795373
6.000000E-7	0.936377
6.125000E-7	0.807528
6.250000E-7	0.914497
6.375000E-7	0.863444
6.500000E-7	0.829408
6.625000E-7	0.830624
6.750000E-7	0.757690
6.875000E-7	0.896264
7.000000E-7	0.901126
7.125000E-7	0.871953
7.250000E-7	0.854935
7.375000E-7	0.829408
7.500000E-7	0.912066
7.625000E-7	0.886539
7.750000E-7	0.876815
7.875000E-7	0.907204
8.000000E-7	0.811175
8.250000E-7	0.841564
8.500000E-7	0.865267
8.750000E-7	0.851896
9.000000E-7	0.799019
9.250000E-7	0.871345
9.500000E-7	0.920575
9.750000E-7	0.925437
1.000000E-6	0.846426
1.025000E-6	0.820899
1.050000E-6	0.845210
1.075000E-6	0.869521
1.100000E-6	0.839740
1.125000E-6	0.831839
1.150000E-6	0.913889
1.175000E-6	0.791726
1.200000E-6	0.876815
1.225000E-6	0.879246
1.250000E-6	0.893225
1.275000E-6	0.871953
1.300000E-6	0.916320
1.325000E-6	0.796588
1.350000E-6	0.840348
1.375000E-6	0.883500
1.400000E-6	0.907811
1.425000E-6	0.800843
1.450000E-6	0.857974
1.475000E-6	0.867090
1.500000E-6	0.851288
1.525000E-6	0.873776
1.550000E-6	0.859189
1.575000E-6	0.876815
1.600000E-6	0.828193
1.650000E-6	0.797500
1.700000E-6	0.845514
1.750000E-6	0.869521
1.800000E-6	0.848249
1.850000E-6	0.897783
1.900000E-6	0.865875
1.950000E-6	0.817253
2.000000E-6	0.841564
2.050000E-6	0.857974
2.100000E-6	0.845210
2.150000E-6	0.845514
2.200000E-6	0.835790
2.250000E-6	0.820292
2.300000E-6	0.848553
2.350000E-6	0.824546
2.400000E-6	0.867394
2.450000E-6	0.892009
2.500000E-6	0.860405
2.550000E-6	0.878334
2.600000E-6	0.863444
2.650000E-6	0.890794
2.700000E-6	0.851592
2.750000E-6	0.848857
2.800000E-6	0.837005
2.850000E-6	0.846426
2.900000E-6	0.869218
2.950000E-6	0.789903
3.000000E-6	0.836398
3.050000E-6	0.826977
3.100000E-6	0.836398
3.150000E-6	0.876511
3.200000E-6	0.863748
3.300000E-6	0.856150
3.400000E-6	0.863444
3.500000E-6	0.876207
3.600000E-6	0.843387
3.700000E-6	0.853263
3.800000E-6	0.849161
3.900000E-6	0.843691
4.000000E-6	0.840196
4.100000E-6	0.869066
4.200000E-6	0.865875
4.300000E-6	0.841868
4.400000E-6	0.874839
4.500000E-6	0.819836
4.600000E-6	0.868458
4.700000E-6	0.826217
4.800000E-6	0.845058
4.900000E-6	0.854631
5.000000E-6	0.842475
5.100000E-6	0.849465
5.200000E-6	0.851440
5.300000E-6	0.870585
5.400000E-6	0.863140
5.500000E-6	0.845970
5.600000E-6	0.847490
5.700000E-6	0.823938
5.800000E-6	0.830624
5.900000E-6	0.872408
6.000000E-6	0.856302
6.100000E-6	0.844755
6.200000E-6	0.862988
6.300000E-6	0.838221
6.400000E-6	0.834422
6.600000E-6	0.842475
6.800000E-6	0.847945
7.000000E-6	0.856150
7.200000E-6	0.832067
7.400000E-6	0.859645
7.600000E-6	0.841640
7.800000E-6	0.847869
8.000000E-6	0.836777
8.200000E-6	0.829788
8.400000E-6	0.843235
8.600000E-6	0.854099
8.800000E-6	0.852808
9.000000E-6	0.821127
9.200000E-6	0.862684
9.400000E-6	0.837385
9.600000E-6	0.853339
9.800000E-6	0.843083
1.000000E-5	0.830016
1.020000E-5	0.827813
1.040000E-5	0.833055
1.060000E-5	0.829636
1.080000E-5	0.840956
1.100000E-5	0.824622
1.120000E-5	0.846426
1.140000E-5	0.837537
1.160000E-5	0.827053
1.180000E-5	0.854327
1.200000E-5	0.833587
1.220000E-5	0.830624
1.240000E-5	0.852884
1.260000E-5	0.851136
1.280000E-5	0.850224
1.320000E-5	0.836132
1.360000E-5	0.835334
1.400000E-5	0.826977
1.440000E-5	0.839664
1.480000E-5	0.822001
1.520000E-5	0.835942
1.560000E-5	0.838069
1.600000E-5	0.843843
1.640000E-5	0.832257
1.680000E-5	0.833739
1.720000E-5	0.835486
1.760000E-5	0.839133
1.800000E-5	0.843995
1.840000E-5	0.828724
1.880000E-5	0.829826
1.920000E-5	0.832675
1.960000E-5	0.837727
2.000000E-5	0.838677
2.040000E-5	0.830282
2.080000E-5	0.828421
2.120000E-5	0.826597
2.160000E-5	0.808250
2.200000E-5	0.820975
2.240000E-5	0.822457
2.280000E-5	0.811745
2.320000E-5	0.827813
2.360000E-5	0.815885
2.400000E-5	0.825875
2.440000E-5	0.816075
2.480000E-5	0.820899
2.520000E-5	0.815277
2.560000E-5	0.824394
2.640000E-5	0.821203
2.720000E-5	0.814461
2.800000E-5	0.817329
2.880000E-5	0.818202
2.960000E-5	0.814613
3.040000E-5	0.814992
3.120000E-5	0.812789
3.200000E-5	0.813188
3.280000E-5	0.811802
3.360000E-5	0.802913
3.440000E-5	0.808782
3.520000E-5	0.807509
3.600000E-5	0.814005
3.680000E-5	0.800691
3.760000E-5	0.794404
3.840000E-5	0.813378
3.920000E-5	0.803084
4.000000E-5	0.801203
4.080000E-5	0.805344
4.160000E-5	0.801659
4.240000E-5	0.796303
4.320000E-5	0.794404
4.400000E-5	0.794898
4.480000E-5	0.800064
4.560000E-5	0.800349
4.640000E-5	0.800482
4.720000E-5	0.802077
4.800000E-5	0.793530
4.880000E-5	0.788117
4.960000E-5	0.787263
5.040000E-5	0.785610
5.120000E-5	0.789656
5.280000E-5	0.783268
5.440000E-5	0.782347
5.600000E-5	0.779346
5.760000E-5	0.789100
5.920000E-5	0.779270
6.080000E-5	0.785700
6.240000E-5	0.777551
6.400000E-5	0.769384
6.560000E-5	0.771055
6.720000E-5	0.770476
6.880000E-5	0.768575
7.040000E-5	0.766486
7.200000E-5	0.762801
7.360000E-5	0.760351
7.520000E-5	0.764368
7.680000E-5	0.751880
7.840000E-5	0.756937
8.000000E-5	0.750830
8.160000E-5	0.761058
8.320000E-5	0.753157
8.480000E-5	0.754734
8.640000E-5	0.744382
8.800000E-5	0.743529
8.960000E-5	0.745400
9.120000E-5	0.745988
9.280000E-5	0.736710
9.440000E-5	0.737726
9.600000E-5	0.737641
9.760000E-5	0.730414
9.920000E-5	0.732436
0.000101	0.728419
0.000102	0.731306
0.000106	0.723891
0.000109	0.727359
0.000112	0.724140
0.000115	0.714723
0.000118	0.718638
0.000122	0.710200
0.000125	0.701683
0.000128	0.698829
0.000131	0.694717
0.000134	0.696773
0.000138	0.688164
0.000141	0.686114
0.000144	0.683551
0.000147	0.677787
0.000150	0.678203
0.000154	0.676180
0.000157	0.669293
0.000160	0.663438
0.000163	0.660013
0.000166	0.657591
0.000170	0.647643
0.000173	0.649438
0.000176	0.640962
0.000179	0.644015
0.000182	0.642418
0.000186	0.634485
0.000189	0.634685
0.000192	0.628939
0.000195	0.624295
0.000198	0.626641
0.000202	0.626258
0.000205	0.618019
0.000211	0.616354
0.000218	0.607105
0.000224	0.599028
0.000230	0.593485
0.000237	0.588860
0.000243	0.583816
0.000250	0.577078
0.000256	0.571214
0.000262	0.564768
0.000269	0.559602
0.000275	0.551266
0.000282	0.546013
0.000288	0.537199
0.000294	0.535818
0.000301	0.523302
0.000307	0.524131
0.000314	0.516709
0.000320	0.511209
0.000326	0.508971
0.000333	0.498452
0.000339	0.494005
0.000346	0.491928
0.000352	0.487429
0.000358	0.478645
0.000365	0.476426
0.000371	0.467430
0.000378	0.466138
0.000384	0.463383
0.000390	0.453244
0.000397	0.450771
0.000403	0.447521
0.000410	0.439285
0.000422	0.434726
0.000435	0.425450
0.000448	0.416219
0.000461	0.406313
0.000474	0.398034
0.000486	0.389364
0.000499	0.381961
0.000512	0.374428
0.000525	0.366894
0.000538	0.360123
0.000550	0.353349
0.000563	0.343468
0.000576	0.336101
0.000589	0.330423
0.000602	0.323276
0.000614	0.315985
0.000627	0.310879
0.000640	0.302612
0.000653	0.299999
0.000666	0.292828
0.000678	0.284719
0.000691	0.283449
0.000704	0.277434
0.000717	0.268838
0.000730	0.264587
0.000742	0.261382
0.000755	0.254654
0.000768	0.251642
0.000781	0.246884
0.000794	0.241798
0.000806	0.236863
0.000819	0.230999
0.000845	0.222445
0.000870	0.214469
0.000896	0.206067
0.000922	0.197803
0.000947	0.190171
0.000973	0.181827
0.000998	0.177406
0.001024	0.172101
0.001050	0.165043
0.001075	0.156557
0.001101	0.152843
0.001126	0.145851
0.001152	0.141766
0.001178	0.138331
0.001203	0.132470
0.001229	0.127183
0.001254	0.121457
0.001280	0.116445
0.001306	0.111184
0.001331	0.107465
0.001357	0.103484
0.001382	0.098790
0.001408	0.095646
0.001434	0.091818
0.001459	0.089247
0.001485	0.085940
0.001510	0.079974
0.001536	0.076373
0.001562	0.074871
0.001587	0.071658
0.001613	0.068291
0.001638	0.067117
0.001690	0.061691
0.001741	0.057421
0.001792	0.053906
0.001843	0.050739
0.001894	0.047533
0.001946	0.043848
0.001997	0.040768
0.002048	0.037722
0.002099	0.036441
0.002150	0.033441
0.002202	0.033314
0.002253	0.030535
0.002304	0.028440
0.002355	0.025516
0.002406	0.023461
0.002458	0.021207
0.002509	0.019664
0.002560	0.019148
0.002611	0.016257
0.002662	0.018433
0.002714	0.017914
0.002765	0.016357
0.002816	0.016926
0.002867	0.016885
0.002918	0.015599
0.002970	0.014692
0.003021	0.015199
0.003072	0.013758
0.003123	0.012996
0.003174	0.011147
0.003226	0.008833
0.003277	0.006688
0.003379	0.005751
0.003482	0.005538
0.003584	0.003102
0.003686	0.001213
0.003789	0.000218
0.003891	-0.000105
0.003994	0.000622
0.004096	0.001007
0.004198	0.003402
0.004301	0.003323
0.004403	0.005304
0.004506	0.006839
0.004608	0.007018
0.004710	0.007284
0.004813	0.008354
0.004915	0.008015
0.005018	0.006691
0.005120	0.007997
0.005222	0.007824
0.005325	0.007186
0.005427	0.006492
0.005530	0.006361
0.005632	0.008039
0.005734	0.009608
0.005837	0.009899
0.005939	0.009740
0.006042	0.010863
0.006144	0.011397
0.006246	0.010059
0.006349	0.008324
0.006451	0.008090
0.006554	0.007296
0.006758	0.007111
0.006963	0.007755
0.007168	0.005953
0.007373	0.008157
0.007578	0.010125
0.007782	0.007415
0.007987	0.005669
0.008192	0.004569
0.008397	0.005274
0.008602	0.003955
0.008806	0.001957
0.009011	0.002166
0.009216	0.000490
0.009421	-0.000280
0.009626	-0.002385
0.009830	-0.004719
0.010035	-0.004799
0.010240	-0.002754
0.010445	-0.000697
0.010650	0.000436
0.010854	-0.000250
0.011059	-0.001363
0.011264	-0.002848
0.011469	-0.003188
0.011674	-0.005520
0.011878	-0.007800
0.012083	-0.007651
0.012288	-0.007757
0.012493	-0.008420
0.012698	-0.008714
0.012902	-0.008715
0.013107	-0.008919
0.013517	-0.008178
0.013926	-0.003607
0.014336	0.001814
0.014746	0.006772
0.015155	0.011694
0.015565	0.011066
0.015974	0.008524
0.016384	0.005096
0.016794	0.002914
0.017203	0.000799
0.017613	0.001661
0.018022	0.001460
0.018432	-0.000241
0.018842	-0.001456
0.019251	-0.000887
0.019661	0.002177
0.020070	0.005764
0.020480	0.007326
0.020890	0.002638
0.021299	0.001154
0.021709	0.001808
0.022118	0.002220
0.022528	0.002609
0.022938	0.000227
0.023347	-0.002041
0.023757	-0.004702
0.024166	-0.008344
0.024576	-0.007278
0.024986	-0.003391
0.025395	0.000757
0.025805	0.007401
0.026214	0.009230
0.027034	0.003082
0.027853	0.000376
0.028672	-0.002162
0.029491	-0.004917
0.030310	-0.004035
0.031130	-0.000432
0.031949	-0.000261
0.032768	0.003476
0.033587	0.002615
0.034406	0.004375
0.035226	0.005087
0.036045	1.968234E-5
0.036864	0.005162
0.037683	0.000283
0.038502	-0.008043
0.039322	-0.007682
0.040141	-0.007706
0.040960	-0.006716
0.041779	-0.002714
0.042598	-0.002579
0.043418	0.001025
0.044237	0.001166
0.045056	0.004660
0.045875	0.006046
0.046694	0.005763
0.047514	0.002028
0.048333	0.003389
0.049152	0.000482
0.049971	-0.003737
0.050790	-0.004659
0.051610	-0.002614
0.052429	0.003846
0.054067	0.000744
0.055706	0.001432
0.057344	0.003997
0.058982	0.004449
0.060621	0.001354
0.062259	0.000865
0.063898	0.003892
0.065536	0.003714
0.067174	-0.006584
0.068813	0.000366
0.070451	0.000441
0.072090	-0.000671
0.073728	0.000443
0.075366	-0.002923
0.077005	-0.008140
0.078643	-0.009301
0.080282	0.001151
0.081920	-0.003762
0.083558	-0.004475
0.085197	0.003774
0.086835	0.001133
0.088474	0.005486
0.090112	0.003136
0.091750	0.000537
0.093389	0.003369
0.095027	0.002867
0.096666	-0.005967
0.098304	-0.003685
0.099942	0.001498
0.101581	0.001446
0.103219	-0.004248
0.104858	-0.004733
0.108134	-0.002380
0.111411	0.000367
0.114688	-0.001719
0.117965	0.001332
0.121242	-0.001710
0.124518	-0.002423
0.127795	0.001580
0.131072	-0.000604
0.134349	0.000950
0.137626	0.000923
0.140902	0.002499
0.144179	0.004755
0.147456	0.005575
0.150733	-0.004122
0.154010	-0.003147
0.157286	0.000440
0.160563	0.008756
0.163840	0.000579
0.167117	-0.001605
0.170394	-0.000765
0.173670	0.001702
0.176947	0.002569
0.180224	0.003034
0.183501	-0.006672
0.186778	-0.006248
0.190054	-0.003848
0.193331	-0.001066
0.196608	0.001748
0.199885	-0.003231
0.203162	-0.001495
0.206438	5.026342E-5
0.209715	-0.001132
0.216269	-0.002163
0.222822	-0.000762
0.229376	-0.003596
0.235930	0.000891
0.242483	-0.002147
0.249037	0.001707
0.255590	0.000817
0.262144	-0.000767
0.268698	-0.003764
0.275251	-0.000542
0.281805	-0.001345
0.288358	0.001614
0.294912	0.004001
0.301466	0.001194
0.308019	-0.004211
0.314573	0.005365
0.321126	-0.001697
0.327680	0.003167
0.334234	-0.001813
0.340787	0.007283
0.347341	0.002660
0.353894	0.002189
0.360448	-0.000148
0.367002	-0.001462
0.373555	0.000513
0.380109	0.000993
0.386662	0.000372
0.393216	0.000280
0.399770	0.000231
0.406323	-0.003251
0.412877	-0.002584
0.419430	0.001355
0.432538	0.003417
0.445645	0.003681
0.458752	0.001552
0.471859	0.002937
0.484966	0.002560
0.498074	-0.000120
0.511181	-0.002124
0.524288	0.001314
0.537395	0.004540
0.550502	0.001451
0.563610	0.004352
0.576717	-0.001483
0.589824	0.001647
0.602931	0.000621
0.616038	-4.869307E-5
0.629146	0.001623
0.642253	-0.003515
0.655360	-0.000306
0.668467	0.001285
0.681574	0.001246
0.694682	0.001326
0.707789	-0.004713
0.720896	-0.001606
0.734003	-0.003422
0.747110	-0.005078
0.760218	0.002499
0.773325	-0.000275
0.786432	0.002001
0.799539	-0.002815
0.812646	0.001311
0.825754	0.001741
0.838861	0.001129
0.865075	0.000566
0.891290	-0.001451
0.917504	1.424442E-5
0.943718	-0.002561
0.969933	-0.001367
0.996147	-0.001357
1.022362	0.000517
1.048576	0.000745
1.074790	0.000855
1.101005	0.000962
1.127219	0.000856
1.153434	-0.002230
1.179648	-0.002289
1.205862	0.001598
1.232077	-0.001134
1.258291	-0.000520
1.284506	0.000857
1.310720	-0.001093
1.336934	-0.001719
1.363149	0.001232
1.389363	0.001779
1.415578	-0.000700
1.441792	-0.002084
1.468006	-0.001774
1.494221	-0.000753
1.520435	0.001454
1.546650	0.001031
1.572864	-0.000964
1.599078	-0.001912
1.625293	0.000808
1.651507	0.001124
1.677722	0.001655
1.730150	0.000667
1.782579	-0.001349
1.835008	-0.001378
1.887437	0.000555
1.939866	0.001759
1.992294	0.000593
2.044723	0.000928
2.097152	0.001327
2.149581	0.002781
2.202010	-0.001686
2.254438	-0.001590
2.306867	-0.000924
2.359296	-0.000556
2.411725	-3.254718E-5
2.464154	0.002440
2.516582	-9.653774E-5
2.569011	0.001434
2.621440	-0.001460
2.673869	-0.000511
2.726298	0.000542
2.778726	0.000368
2.831155	-0.002120
2.883584	-0.000960
2.936013	-0.001047
2.988442	-0.000372
3.040870	0.000730
3.093299	-0.001167
3.145728	0.001083
3.198157	-0.001766
3.250586	-0.000485
3.303015	0.000513
3.355443	0.001201
3.460301	-0.001770
3.565158	-0.000745
3.670016	0.000902
3.774873	-0.000186
3.879731	0.000560
3.984589	0.000153
4.089447	0.001353
4.194304	0.000539
4.299161	-0.001060
4.404019	0.000732
4.508877	-0.000553
4.613734	-0.001016
4.718592	-0.000156
4.823450	-0.001601
4.928307	-0.001108
5.033165	0.001470
5.138022	-0.002435
5.242880	-0.000248
5.347738	-0.000227
5.452595	-0.000549
5.557453	-0.001316
5.662311	-0.000971
5.767168	0.001170
5.872025	-0.000248
5.976883	0.000310
6.081741	0.000853
6.186598	-0.001936
6.291456	0.001182
6.396314	-5.188276E-5
6.501171	0.000899
6.606029	0.000202
6.710886	-0.000592
6.920601	-0.000613
7.130317	5.666882E-5
7.340032	8.652492E-5
7.549747	0.000102
7.759462	0.000769
7.969178	0.000679
8.178893	0.000563
8.388608	0.000455
8.598323	-0.000521
8.808039	-0.000424
9.017754	-0.000348
9.227468	-0.001159
9.437184	-0.000418
9.646899	-0.000429
9.856614	0.000541
10.066330	0.000438
10.276045	0.001564
10.485760	0.000917
10.695476	0.000486
10.905190	-0.000686
11.114905	-0.001410
11.324621	0.000181
11.534336	-0.001312
11.744051	-0.000249
11.953767	-0.000781
12.163482	-0.001134
12.373197	0.001311
12.582912	-0.000727
12.792627	-0.001178
13.002342	0.000617
13.212058	-0.002070
13.421773	0.000461
13.841203	-0.000488
14.260633	0.000820
14.680064	0.000784
15.099494	9.222083E-5
15.518925	0.000582
15.938355	0.000841
16.357786	-0.000162
16.777216	-0.000152
17.196646	0.000234
17.616077	-0.000117
18.035507	3.074068E-5
18.454937	0.000000
18.874369	NaN
19.293798	NaN
19.713228	NaN
20.132660	NaN
20.552090	NaN
20.971519	NaN
21.390951	NaN
21.810381	NaN
22.229811	NaN
22.649242	NaN
23.068672	NaN
23.488102	NaN
23.907534	NaN
24.326963	NaN
24.746393	NaN
25.165825	NaN
25.585255	NaN
26.004684	NaN
26.424116	NaN
26.843546	NaN
27.682405	NaN
28.521267	NaN
29.360128	NaN
30.198988	NaN
31.037849	NaN
31.876711	NaN
32.715572	NaN
33.554432	NaN
34.393291	NaN
35.232155	NaN
36.071014	NaN
36.909874	NaN
37.748737	NaN
38.587597	NaN
39.426456	NaN
40.265320	NaN
41.104179	NaN
41.943039	NaN
42.781902	NaN
43.620762	NaN
44.459621	NaN
45.298485	NaN
46.137344	NaN
46.976204	NaN
47.815067	NaN
48.653927	NaN
49.492786	NaN
50.331650	NaN
51.170509	NaN
52.009369	NaN
52.848232	NaN
53.687092	NaN
55.364811	NaN
57.042534	NaN
58.720257	NaN
60.397976	NaN
62.075699	NaN
63.753422	NaN
65.431145	NaN
67.108864	NaN
68.786583	NaN
70.464310	NaN
72.142029	NaN
73.819748	NaN
75.497475	NaN
77.175194	NaN
78.852913	NaN
80.530640	NaN
82.208359	NaN
83.886078	NaN
85.563805	NaN
87.241524	NaN
88.919243	NaN
90.596970	NaN
92.274689	NaN
93.952408	NaN
95.630135	NaN
97.307854	NaN
98.985573	NaN
100.663300	NaN
102.341019	NaN
104.018738	NaN
105.696465	NaN
107.374184	NaN
110.729622	NaN
114.085068	NaN
117.440514	NaN
120.795952	NaN
124.151398	NaN
127.506844	NaN
130.862289	NaN
134.217728	NaN
137.573166	NaN
140.928619	NaN
144.284058	NaN
147.639496	NaN
150.994949	NaN
154.350388	NaN
157.705826	NaN
161.061279	NaN
164.416718	NaN
167.772156	NaN
171.127609	NaN
174.483047	NaN
177.838486	NaN
181.193939	NaN
184.549377	NaN
187.904816	NaN
191.260269	NaN
194.615707	NaN
197.971146	NaN
201.326599	NaN
204.682037	NaN
208.037476	NaN
211.392929	NaN
214.748367	NaN
221.459244	NaN
228.170135	NaN
234.881027	NaN
241.591904	NaN
248.302795	NaN
255.013687	NaN
261.724579	NaN
268.435455	NaN
275.146332	NaN
281.857239	NaN
288.568115	NaN
295.278992	NaN
301.989899	NaN
308.700775	NaN
315.411652	NaN
322.122559	NaN
328.833435	NaN
335.544312	NaN
342.255219	NaN
348.966095	NaN
355.676971	NaN
362.387878	NaN
369.098755	NaN
375.809631	NaN
382.520538	NaN
389.231415	NaN
395.942291	NaN
402.653198	NaN
409.364075	NaN
416.074951	NaN
422.785858	NaN
429.496735	NaN
442.918488	NaN
456.340271	NaN
469.762054	NaN
483.183807	NaN
496.605591	NaN
510.027374	NaN
523.449158	NaN
536.870911	NaN
550.292664	NaN
563.714478	NaN
577.136230	NaN
590.557983	NaN
603.979797	NaN
617.401550	NaN
630.823303	NaN
644.245117	NaN
657.666870	NaN
671.088623	NaN
684.510437	NaN
697.932190	NaN
711.353943	NaN
724.775757	NaN
738.197510	NaN
751.619263	NaN
765.041077	NaN
778.462830	NaN
791.884583	NaN
805.306396	NaN
818.728149	NaN
832.149902	NaN
845.571716	NaN
858.993469	NaN
885.836975	NaN
912.680542	NaN
939.524109	NaN
966.367615	NaN
993.211182	NaN
1020.054749	NaN
1046.898315	NaN
1073.741821	NaN
1100.585327	NaN
1127.428955	NaN
1154.272461	NaN
1181.115967	NaN
1207.959595	NaN
1234.803101	NaN
1261.646606	NaN
1288.490234	NaN
1315.333740	NaN
1342.177246	NaN
1369.020874	NaN
1395.864380	NaN
1422.707886	NaN
1449.551514	NaN
1476.395020	NaN
1503.238525	NaN
1530.082153	NaN
1556.925659	NaN
1583.769165	NaN
1610.612793	NaN
1637.456299	NaN
1664.299805	NaN
1691.143433	NaN
1717.986938	NaN
1771.673950	NaN
1825.361084	NaN
1879.048218	NaN
1932.735229	NaN
1986.422363	NaN
2040.109497	NaN
2093.796631	NaN
2147.483643	NaN
2201.170654	NaN
2254.857910	NaN
2308.544922	NaN
2362.231934	NaN
2415.919189	NaN
2469.606201	NaN
2523.293213	NaN
2576.980469	NaN
2630.667480	NaN
2684.354492	NaN
2738.041748	NaN
2791.728760	NaN
2845.415771	NaN
2899.103027	NaN
2952.790039	NaN
3006.477051	NaN
3060.164307	NaN
3113.851318	NaN
3167.538330	NaN
3221.225586	NaN
3274.912598	NaN
3328.599609	NaN
3382.286865	NaN
3435.973877	NaN
0.000000	NaN
0.000000	NaN
0.000000	NaN
0.000000	NaN
0.000000	NaN
0.000000	NaN
0.000000	NaN
0.000000	NaN
0.000000	NaN
0.000000	NaN
0.000000	NaN
0.000000	NaN
0.000000	NaN
0.000000	NaN
0.000000	NaN
0.000000	NaN
0.000000	NaN
0.000000	NaN
0.000000	NaN
0.000000	NaN
0.000000	NaN
0.000000	NaN
0.000000	NaN
0.000000	NaN
0.000000	NaN
0.000000	NaN
0.000000	NaN
0.000000	NaN
0.000000	NaN
0.000000	NaN
0.000000	NaN
0.000000	NaN

Count Rate History (KHz)  CR CHA / CR CHB
0.000000	58.336258	57.792664
0.104858	54.044724	50.725937
0.209715	59.127808	63.028336
0.314573	63.238144	59.461594
0.419430	53.462982	50.477982
0.524288	62.150955	60.701370
0.629146	68.197250	65.946579
0.734003	52.814484	50.935745
0.838861	55.446625	54.512024
0.943718	64.802170	62.599182
1.048576	53.958893	51.794052
1.153434	49.343109	51.336288
1.258291	56.781769	57.182312
1.363149	63.209534	60.081482
1.468006	64.420700	64.725876
1.572864	58.593750	52.833557
1.677722	54.855347	53.672791
1.782579	66.404343	63.037872
1.887437	58.374405	52.595139
1.992294	60.901642	63.943863
2.097152	60.081482	55.265427
2.202010	56.810379	54.254532
2.306867	65.898895	64.468384
2.411725	49.571991	46.606064
2.516582	51.441193	50.077438
2.621440	58.631897	58.593750
2.726298	53.806305	47.988892
2.831155	38.986206	36.678314
2.936013	56.762695	55.704117
3.040870	64.468384	62.942505
3.145728	71.239471	68.674088
3.250586	51.345825	48.122406
3.355443	53.195953	50.373077
3.460301	59.518814	60.405731
3.565158	63.791275	60.701370
3.670016	56.142807	54.702759
3.774874	57.868958	58.383942
3.879731	50.630569	48.246384
3.984589	63.095093	63.905716
4.089446	57.268143	53.844452
4.194304	60.272217	58.221817
4.299162	59.709549	57.020187
4.404019	54.111481	52.423477
4.508877	49.581528	46.291351
4.613734	47.492981	44.851303
4.718592	56.390762	54.302216
4.823450	53.291321	52.146912
4.928307	50.106049	46.062469
5.033165	61.779022	60.749054
5.138022	56.047440	54.426193
5.242880	62.294006	60.663223
5.347738	58.498383	58.727264
5.452595	55.990219	53.510666
5.557453	67.224503	64.573288
5.662310	81.615448	81.291199
5.767168	47.988892	45.356750
5.872026	61.578751	63.648224
5.976883	58.956146	54.903030
6.081741	59.976578	59.003830
6.186598	68.578720	66.862106
6.291456	67.710876	67.920685
6.396314	55.084229	54.941177
6.501171	56.371689	53.138733
6.606029	58.317184	55.103302
6.710886	64.840317	61.435699
6.815744	51.050186	51.326752
6.920602	57.792664	56.896210
7.025459	56.724548	50.849915
7.130317	55.894852	54.168701
7.235174	64.830780	63.171387
7.340032	60.377121	60.682297
7.444890	59.652328	57.163239
7.549747	54.864883	55.398941
7.654605	59.661865	55.580139
7.759462	63.753128	60.834885
7.864320	51.708221	49.486160
7.969178	60.977936	58.841705
8.074035	71.840286	72.145462
8.178893	57.725906	56.428909
8.283750	66.614151	66.070557
8.388608	65.774918	64.249039
8.493466	56.810379	56.161880
8.598323	56.200027	53.453445
8.703181	64.020157	62.332153
8.808038	61.016083	60.462952
8.912896	58.403015	55.513382
9.017754	63.381195	62.084198
9.122611	52.604675	51.279068
9.227469	74.453354	74.157715
9.332326	63.800812	60.997009
9.437184	66.432953	62.665939
9.542042	65.135956	63.591003
9.646899	60.958862	62.093735
9.751757	65.536499	62.646866
9.856614	52.452087	52.595139
9.961472	58.727264	58.660507
10.066330	72.965622	72.174072
10.171187	54.435730	48.131943
10.276045	58.736801	56.114197
10.380902	58.174133	56.629181
10.485760	59.547424	58.078766
10.590618	58.231354	55.379868
10.695475	62.875748	61.817169
10.800333	56.343079	54.540634
10.905190	56.915283	54.130554
11.010048	54.187775	53.491592
11.114906	62.751770	62.961578
11.219763	54.054260	51.250458
11.324621	57.535172	53.682327
11.429478	63.095093	63.409805
11.534336	65.002441	60.310364
11.639194	49.533844	47.731400
11.744051	59.919357	57.277679
11.848909	54.769516	52.194595
11.953766	64.840317	63.266754
12.058624	67.386627	65.212250
12.163482	66.566467	65.355301
12.268339	53.033829	50.811768
12.373197	59.671402	57.792664
12.478054	58.794022	54.969788
12.582912	51.269531	49.571991
12.687770	62.227249	63.552856
12.792627	51.364899	48.971176
12.897485	56.581497	51.460266
13.002342	55.561066	55.360794
13.107200	59.146881	57.306290
13.212058	56.104660	53.567886
13.316915	64.506531	63.657761
13.421773	62.713623	62.198639
13.526630	56.390762	54.893494
13.631488	55.532455	55.227280
13.736346	61.635971	58.336258
13.841203	59.833527	60.443878
13.946061	64.573288	62.065125
14.050918	60.653687	59.547424
14.155776	53.577423	50.983429
14.260634	64.096451	62.541962
14.365491	50.163269	52.185059
14.470349	59.719086	54.292679
14.575206	61.855316	62.913895
14.680064	50.182343	48.484802
14.784922	68.178177	68.616867
14.889779	57.764053	53.777695
14.994637	57.306290	54.082870
15.099494	56.428909	53.138733
15.204352	53.730011	49.772263
15.309210	56.161880	55.074692
15.414067	56.648254	55.246353
15.518925	67.453384	67.701340
15.623782	67.329407	65.765381
15.728640	52.852631	49.686432
15.833498	62.541962	61.340332
15.938355	59.452057	57.640076
16.043213	82.902908	81.176758
16.148070	64.048767	61.025620
16.252928	58.612823	56.581497
16.357786	64.163208	65.326691
16.462643	64.868927	62.789917
16.567501	66.833496	69.360733
16.672358	56.371689	54.340363
16.777216	52.289963	51.431656
16.882074	61.149597	56.743622
16.986931	62.990189	62.913895
17.091789	59.165955	58.174133
17.196646	53.415298	52.709579
17.301504	51.937103	48.942566
17.406362	67.052841	65.460205
17.511219	60.205460	57.477951
17.616077	55.494308	51.898956
17.720934	62.561035	63.018799
17.825792	50.563812	48.465729
17.930650	60.291290	61.159134
18.035507	59.213638	57.296753
18.140365	61.807632	57.144165
18.245222	49.600601	46.606064
18.350080	54.559708	56.457520
18.454938	58.679581	56.362152
18.559795	56.581497	54.512024
18.664653	55.656433	52.976608
18.769510	59.928894	59.614182
18.874368	49.600601	49.667358
18.979226	54.941177	55.789948
19.084083	65.641403	62.179565
19.188941	62.236786	60.577393
19.293798	57.716370	56.486130
