1/9/2026	1:06 PM
Pseudo Cross Correlation
Scattering angle:	70.0
Duration (s):	20
Wavelength (nm):	632.8
Refractive index:	1.330
Viscosity (mPas):	0.712
Temperature (K):	308.7
Laser intensity (mW):	2.653338
Average Count rate  A (kHz):	489.4
Average Count rate  B (kHz):	516.8
Intercept:	0.9159
Cumulant 1st	135.78
Cumulant 2nd	134.57	14.17
Cumulant 3rd	133.67	24.04

Lag time (s)         g2-1
1.250000E-8	0.923790
2.500000E-8	0.922721
3.750000E-8	0.902850
5.000000E-8	0.907606
6.250000E-8	0.913240
7.500000E-8	0.916400
8.750000E-8	0.919481
1.000000E-7	0.929472
1.125000E-7	0.910128
1.250000E-7	0.911277
1.375000E-7	0.913895
1.500000E-7	0.919385
1.625000E-7	0.909027
1.750000E-7	0.914134
1.875000E-7	0.908165
2.000000E-7	0.916576
2.125000E-7	0.908181
2.250000E-7	0.922561
2.375000E-7	0.900456
2.500000E-7	0.923679
2.625000E-7	0.920215
2.750000E-7	0.920040
2.875000E-7	0.916209
3.000000E-7	0.917965
3.125000E-7	0.922322
3.250000E-7	0.906585
3.375000E-7	0.917725
3.500000E-7	0.916337
3.625000E-7	0.906760
3.750000E-7	0.909122
3.875000E-7	0.914022
4.000000E-7	0.921300
4.125000E-7	0.910655
4.250000E-7	0.911963
4.375000E-7	0.916129
4.500000E-7	0.925658
4.625000E-7	0.906984
4.750000E-7	0.920231
4.875000E-7	0.915267
5.000000E-7	0.916879
5.125000E-7	0.919162
5.250000E-7	0.910846
5.375000E-7	0.914741
5.500000E-7	0.913639
5.625000E-7	0.911453
5.750000E-7	0.918268
5.875000E-7	0.909059
6.000000E-7	0.905244
6.125000E-7	0.913192
6.250000E-7	0.916480
6.375000E-7	0.910415
6.500000E-7	0.914262
6.625000E-7	0.913815
6.750000E-7	0.918364
6.875000E-7	0.923599
7.000000E-7	0.911325
7.125000E-7	0.912985
7.250000E-7	0.919561
7.375000E-7	0.911022
7.500000E-7	0.910048
7.625000E-7	0.905324
7.750000E-7	0.924397
7.875000E-7	0.911277
8.000000E-7	0.912155
8.250000E-7	0.907925
8.500000E-7	0.915690
8.750000E-7	0.917486
9.000000E-7	0.911213
9.250000E-7	0.904869
9.500000E-7	0.914980
9.750000E-7	0.912091
1.000000E-6	0.908939
1.025000E-6	0.912945
1.050000E-6	0.917542
1.075000E-6	0.917470
1.100000E-6	0.915994
1.125000E-6	0.913544
1.150000E-6	0.909713
1.175000E-6	0.922274
1.200000E-6	0.914062
1.225000E-6	0.911812
1.250000E-6	0.907814
1.275000E-6	0.910846
1.300000E-6	0.916353
1.325000E-6	0.913607
1.350000E-6	0.914573
1.375000E-6	0.916440
1.400000E-6	0.913743
1.425000E-6	0.916129
1.450000E-6	0.921125
1.475000E-6	0.917071
1.500000E-6	0.914717
1.525000E-6	0.917318
1.550000E-6	0.913783
1.575000E-6	0.913256
1.600000E-6	0.917885
1.650000E-6	0.915618
1.700000E-6	0.917458
1.750000E-6	0.915148
1.800000E-6	0.916516
1.850000E-6	0.911301
1.900000E-6	0.911501
1.950000E-6	0.911979
2.000000E-6	0.912797
2.050000E-6	0.913093
2.100000E-6	0.910491
2.150000E-6	0.914968
2.200000E-6	0.917362
2.250000E-6	0.916081
2.300000E-6	0.914082
2.350000E-6	0.910527
2.400000E-6	0.909741
2.450000E-6	0.910698
2.500000E-6	0.914306
2.550000E-6	0.913264
2.600000E-6	0.914689
2.650000E-6	0.910874
2.700000E-6	0.911213
2.750000E-6	0.908991
2.800000E-6	0.911780
2.850000E-6	0.911117
2.900000E-6	0.915650
2.950000E-6	0.910846
3.000000E-6	0.914924
3.050000E-6	0.914900
3.100000E-6	0.912909
3.150000E-6	0.908671
3.200000E-6	0.913045
3.300000E-6	0.911435
3.400000E-6	0.911453
3.500000E-6	0.907399
3.600000E-6	0.912201
3.700000E-6	0.911876
3.800000E-6	0.910351
3.900000E-6	0.913518
4.000000E-6	0.908486
4.100000E-6	0.910206
4.200000E-6	0.912654
4.300000E-6	0.912757
4.400000E-6	0.910409
4.500000E-6	0.913978
4.600000E-6	0.911131
4.700000E-6	0.911403
4.800000E-6	0.914254
4.900000E-6	0.911395
5.000000E-6	0.910281
5.100000E-6	0.908614
5.200000E-6	0.912739
5.300000E-6	0.909404
5.400000E-6	0.911305
5.500000E-6	0.910447
5.600000E-6	0.910190
5.700000E-6	0.909284
5.800000E-6	0.910677
5.900000E-6	0.907512
6.000000E-6	0.910072
6.100000E-6	0.910206
6.200000E-6	0.910677
6.300000E-6	0.911215
6.400000E-6	0.909011
6.600000E-6	0.911705
6.800000E-6	0.911201
7.000000E-6	0.909481
7.200000E-6	0.908776
7.400000E-6	0.907578
7.600000E-6	0.907949
7.800000E-6	0.907327
8.000000E-6	0.908444
8.200000E-6	0.908232
8.400000E-6	0.906631
8.600000E-6	0.907675
8.800000E-6	0.904702
9.000000E-6	0.906180
9.200000E-6	0.905774
9.400000E-6	0.906805
9.600000E-6	0.906751
9.800000E-6	0.907176
1.000000E-5	0.906790
1.020000E-5	0.903496
1.040000E-5	0.904317
1.060000E-5	0.904208
1.080000E-5	0.904246
1.100000E-5	0.906713
1.120000E-5	0.905729
1.140000E-5	0.902175
1.160000E-5	0.902896
1.180000E-5	0.904815
1.200000E-5	0.905669
1.220000E-5	0.904992
1.240000E-5	0.903452
1.260000E-5	0.904899
1.280000E-5	0.903472
1.320000E-5	0.904296
1.360000E-5	0.902407
1.400000E-5	0.902780
1.440000E-5	0.901400
1.480000E-5	0.902233
1.520000E-5	0.899143
1.560000E-5	0.900701
1.600000E-5	0.900910
1.640000E-5	0.899732
1.680000E-5	0.898257
1.720000E-5	0.897978
1.760000E-5	0.901388
1.800000E-5	0.899288
1.840000E-5	0.898687
1.880000E-5	0.896642
1.920000E-5	0.896333
1.960000E-5	0.897680
2.000000E-5	0.894922
2.040000E-5	0.896381
2.080000E-5	0.894578
2.120000E-5	0.895502
2.160000E-5	0.894808
2.200000E-5	0.894538
2.240000E-5	0.893448
2.280000E-5	0.893930
2.320000E-5	0.893007
2.360000E-5	0.892348
2.400000E-5	0.892954
2.440000E-5	0.892205
2.480000E-5	0.891036
2.520000E-5	0.891138
2.560000E-5	0.890349
2.640000E-5	0.891576
2.720000E-5	0.889977
2.800000E-5	0.889158
2.880000E-5	0.888250
2.960000E-5	0.887382
3.040000E-5	0.885301
3.120000E-5	0.885161
3.200000E-5	0.886009
3.280000E-5	0.883396
3.360000E-5	0.883829
3.440000E-5	0.881994
3.520000E-5	0.881738
3.600000E-5	0.882125
3.680000E-5	0.879844
3.760000E-5	0.880257
3.840000E-5	0.879104
3.920000E-5	0.878409
4.000000E-5	0.876428
4.080000E-5	0.876846
4.160000E-5	0.876427
4.240000E-5	0.875892
4.320000E-5	0.874749
4.400000E-5	0.874178
4.480000E-5	0.873451
4.560000E-5	0.871694
4.640000E-5	0.871130
4.720000E-5	0.870919
4.800000E-5	0.870610
4.880000E-5	0.869840
4.960000E-5	0.868753
5.040000E-5	0.867663
5.120000E-5	0.866237
5.280000E-5	0.865842
5.440000E-5	0.864782
5.600000E-5	0.862206
5.760000E-5	0.861360
5.920000E-5	0.859804
6.080000E-5	0.858831
6.240000E-5	0.856822
6.400000E-5	0.855630
6.560000E-5	0.854218
6.720000E-5	0.852734
6.880000E-5	0.851580
7.040000E-5	0.849281
7.200000E-5	0.848586
7.360000E-5	0.846530
7.520000E-5	0.845985
7.680000E-5	0.844084
7.840000E-5	0.841615
8.000000E-5	0.840502
8.160000E-5	0.839551
8.320000E-5	0.837715
8.480000E-5	0.836006
8.640000E-5	0.835059
8.800000E-5	0.833702
8.960000E-5	0.832376
9.120000E-5	0.830761
9.280000E-5	0.829493
9.440000E-5	0.828115
9.600000E-5	0.826269
9.760000E-5	0.825819
9.920000E-5	0.824204
0.000101	0.822514
0.000102	0.821995
0.000106	0.818446
0.000109	0.815220
0.000112	0.812679
0.000115	0.810263
0.000118	0.807668
0.000122	0.804689
0.000125	0.801131
0.000128	0.798291
0.000131	0.796139
0.000134	0.793345
0.000138	0.790746
0.000141	0.787924
0.000144	0.784669
0.000147	0.782583
0.000150	0.780100
0.000154	0.776577
0.000157	0.774202
0.000160	0.771965
0.000163	0.769273
0.000166	0.766299
0.000170	0.763871
0.000173	0.761565
0.000176	0.758679
0.000179	0.755781
0.000182	0.753330
0.000186	0.750941
0.000189	0.747583
0.000192	0.746182
0.000195	0.742962
0.000198	0.740157
0.000202	0.737447
0.000205	0.735217
0.000211	0.730327
0.000218	0.724674
0.000224	0.719989
0.000230	0.715259
0.000237	0.710158
0.000243	0.704812
0.000250	0.700153
0.000256	0.695425
0.000262	0.690392
0.000269	0.685835
0.000275	0.680779
0.000282	0.676102
0.000288	0.672041
0.000294	0.667059
0.000301	0.661852
0.000307	0.657973
0.000314	0.653188
0.000320	0.648717
0.000326	0.644143
0.000333	0.639799
0.000339	0.635643
0.000346	0.630713
0.000352	0.626659
0.000358	0.622272
0.000365	0.618082
0.000371	0.614148
0.000378	0.609644
0.000384	0.605053
0.000390	0.601010
0.000397	0.597150
0.000403	0.593270
0.000410	0.589206
0.000422	0.581061
0.000435	0.572908
0.000448	0.565003
0.000461	0.556915
0.000474	0.549124
0.000486	0.541548
0.000499	0.533946
0.000512	0.526588
0.000525	0.519294
0.000538	0.511650
0.000550	0.505075
0.000563	0.498102
0.000576	0.491235
0.000589	0.484552
0.000602	0.478055
0.000614	0.471201
0.000627	0.464738
0.000640	0.458220
0.000653	0.451750
0.000666	0.445063
0.000678	0.439010
0.000691	0.432658
0.000704	0.426632
0.000717	0.420701
0.000730	0.414725
0.000742	0.409090
0.000755	0.403299
0.000768	0.397489
0.000781	0.391846
0.000794	0.386715
0.000806	0.381146
0.000819	0.376158
0.000845	0.365598
0.000870	0.355493
0.000896	0.346054
0.000922	0.336517
0.000947	0.327650
0.000973	0.318812
0.000998	0.310394
0.001024	0.302274
0.001050	0.294567
0.001075	0.286647
0.001101	0.279154
0.001126	0.271557
0.001152	0.264659
0.001178	0.257655
0.001203	0.251064
0.001229	0.244612
0.001254	0.238441
0.001280	0.232101
0.001306	0.226276
0.001331	0.220206
0.001357	0.214440
0.001382	0.208912
0.001408	0.203477
0.001434	0.198142
0.001459	0.192856
0.001485	0.187758
0.001510	0.182716
0.001536	0.177742
0.001562	0.172925
0.001587	0.168145
0.001613	0.163234
0.001638	0.158554
0.001690	0.149981
0.001741	0.141685
0.001792	0.134332
0.001843	0.127213
0.001894	0.120053
0.001946	0.113417
0.001997	0.107210
0.002048	0.101483
0.002099	0.095257
0.002150	0.089356
0.002202	0.083863
0.002253	0.078693
0.002304	0.073922
0.002355	0.068701
0.002406	0.064200
0.002458	0.059696
0.002509	0.055725
0.002560	0.051851
0.002611	0.048088
0.002662	0.044593
0.002714	0.041476
0.002765	0.038472
0.002816	0.035846
0.002867	0.033056
0.002918	0.030716
0.002970	0.028566
0.003021	0.026593
0.003072	0.024518
0.003123	0.022689
0.003174	0.020923
0.003226	0.018859
0.003277	0.017270
0.003379	0.014451
0.003482	0.011715
0.003584	0.009240
0.003686	0.007535
0.003789	0.005957
0.003891	0.004665
0.003994	0.003318
0.004096	0.002548
0.004198	0.001532
0.004301	0.000273
0.004403	-0.001541
0.004506	-0.002935
0.004608	-0.003716
0.004710	-0.004703
0.004813	-0.005320
0.004915	-0.005867
0.005018	-0.006512
0.005120	-0.007304
0.005222	-0.007733
0.005325	-0.007517
0.005427	-0.007780
0.005530	-0.007602
0.005632	-0.007632
0.005734	-0.008113
0.005837	-0.008506
0.005939	-0.008610
0.006042	-0.007797
0.006144	-0.006779
0.006246	-0.006053
0.006349	-0.005528
0.006451	-0.004865
0.006554	-0.003884
0.006758	-0.002700
0.006963	-0.002193
0.007168	-0.001924
0.007373	-0.002421
0.007578	-0.002757
0.007782	-0.002413
0.007987	-0.000794
0.008192	0.001727
0.008397	0.004441
0.008602	0.005283
0.008806	0.005043
0.009011	0.004882
0.009216	0.005568
0.009421	0.006324
0.009626	0.006379
0.009830	0.005508
0.010035	0.005361
0.010240	0.005990
0.010445	0.007138
0.010650	0.007985
0.010854	0.007492
0.011059	0.006606
0.011264	0.005299
0.011469	0.004135
0.011674	0.003400
0.011878	0.003683
0.012083	0.003359
0.012288	0.002914
0.012493	0.002220
0.012698	0.000835
0.012902	-0.000219
0.013107	-0.001152
0.013517	-0.001730
0.013926	-0.002128
0.014336	0.000945
0.014746	0.004631
0.015155	0.004094
0.015565	0.003574
0.015974	0.002057
0.016384	0.000708
0.016794	0.000420
0.017203	-9.384559E-5
0.017613	-0.001108
0.018022	-0.002713
0.018432	-0.000762
0.018842	0.001694
0.019251	0.001977
0.019661	0.001411
0.020070	-0.001175
0.020480	-0.003226
0.020890	0.000184
0.021299	0.001805
0.021709	0.004291
0.022118	0.007961
0.022528	0.009697
0.022938	0.009871
0.023347	0.008862
0.023757	0.008482
0.024166	0.007137
0.024576	0.005380
0.024986	0.003518
0.025395	0.000297
0.025805	-0.001488
0.026214	-0.001062
0.027034	-0.004136
0.027853	-0.001529
0.028672	0.000340
0.029491	0.001514
0.030310	-0.003639
0.031130	-0.003967
0.031949	-0.002212
0.032768	-0.002816
0.033587	-0.001555
0.034406	-0.005323
0.035226	-0.007517
0.036045	-0.009610
0.036864	-0.007296
0.037683	0.000301
0.038502	0.005089
0.039322	0.000856
0.040141	-0.006489
0.040960	-0.003146
0.041779	-0.001461
0.042598	0.000632
0.043418	0.000477
0.044237	0.000853
0.045056	0.000890
0.045875	-0.003341
0.046694	-0.008072
0.047514	-0.007877
0.048333	-0.001897
0.049152	0.003780
0.049971	0.008670
0.050790	0.008162
0.051610	0.007093
0.052429	0.004015
0.054067	-0.004447
0.055706	-0.007383
0.057344	-0.009637
0.058982	-0.003767
0.060621	0.002944
0.062259	0.005583
0.063898	0.003765
0.065536	0.006984
0.067174	0.013969
0.068813	0.007296
0.070451	0.005645
0.072090	0.004790
0.073728	0.009791
0.075366	0.003764
0.077005	0.006950
0.078643	0.012185
0.080282	0.007131
0.081920	0.004255
0.083558	0.005622
0.085197	0.014864
0.086835	0.007298
0.088474	0.005937
0.090112	0.001185
0.091750	-0.005906
0.093389	-0.007317
0.095027	-0.000761
0.096666	-0.001167
0.098304	0.000878
0.099942	-0.000236
0.101581	-6.367287E-5
0.103219	-0.003110
0.104858	-0.002382
0.108134	-0.003313
0.111411	0.001816
0.114688	-0.001603
0.117965	-0.008990
0.121242	-0.006105
0.124518	0.002748
0.127795	0.008828
0.131072	0.007400
0.134349	0.003020
0.137626	0.005775
0.140902	0.006167
0.144179	0.005905
0.147456	0.004203
0.150733	0.001971
0.154010	-0.007806
0.157286	0.001706
0.160563	-7.049243E-5
0.163840	-0.005160
0.167117	-0.006585
0.170394	-0.000845
0.173670	-5.991166E-5
0.176947	0.000567
0.180224	0.002535
0.183501	-0.006046
0.186778	-0.002407
0.190054	0.004049
0.193331	0.000806
0.196608	0.012297
0.199885	0.005239
0.203162	-0.002698
0.206438	0.000322
0.209715	0.006496
0.216269	0.006406
0.222822	-0.002572
0.229376	-0.004298
0.235930	-0.008040
0.242483	-0.004712
0.249037	-0.001399
0.255590	0.004410
0.262144	0.000197
0.268698	0.005455
0.275251	0.005258
0.281805	-0.008035
0.288358	-0.001081
0.294912	-0.000743
0.301466	0.000909
0.308019	0.004249
0.314573	-0.003050
0.321126	-0.007355
0.327680	-0.000179
0.334234	0.003378
0.340787	-0.002466
0.347341	0.001134
0.353894	0.002081
0.360448	-0.006328
0.367002	0.001852
0.373555	0.004825
0.380109	-0.000503
0.386662	0.002104
0.393216	-0.000912
0.399770	0.000937
0.406323	-0.000408
0.412877	0.003073
0.419430	0.002526
0.432538	-0.001723
0.445645	0.000891
0.458752	0.004477
0.471859	-0.004265
0.484966	-0.001734
0.498074	0.001015
0.511181	-0.000567
0.524288	-0.002594
0.537395	-0.004691
0.550502	-0.004676
0.563610	0.004372
0.576717	-0.002856
0.589824	0.000976
0.602931	-0.001689
0.616038	0.002106
0.629146	0.001702
0.642253	0.002773
0.655360	-0.001632
0.668467	0.001395
0.681574	-0.001088
0.694682	0.000490
0.707789	0.000573
0.720896	0.001155
0.734003	-0.005796
0.747110	0.001995
0.760218	0.005502
0.773325	0.004544
0.786432	-0.002556
0.799539	-0.000184
0.812646	0.000512
0.825754	0.002979
0.838861	0.005087
0.865075	0.000694
0.891290	0.001396
0.917504	-0.000380
0.943718	0.001807
0.969933	0.004580
0.996147	-0.001752
1.022362	0.004597
1.048576	0.003390
1.074790	0.002982
1.101005	0.002189
1.127219	0.001990
1.153434	-0.000357
1.179648	-0.000219
1.205862	0.002516
1.232077	-0.004272
1.258291	-0.003000
1.284506	0.002830
1.310720	-0.004286
1.336934	5.828133E-6
1.363149	0.001439
1.389363	-0.000659
1.415578	-0.001422
1.441792	0.001927
1.468006	0.002564
1.494221	0.000535
1.520435	0.001342
1.546650	0.001881
1.572864	-0.001779
1.599078	0.000578
1.625293	-0.002399
1.651507	-0.000545
1.677722	-0.001505
1.730150	-0.001107
1.782579	0.000825
1.835008	-0.001735
1.887437	-0.002082
1.939866	0.000728
1.992294	0.001529
2.044723	0.003084
2.097152	-0.000430
2.149581	0.002347
2.202010	0.000328
2.254438	0.000213
2.306867	0.000705
2.359296	0.002474
2.411725	0.001510
2.464154	-0.001022
2.516582	-0.002157
2.569011	-0.002630
2.621440	-0.002565
2.673869	-0.000579
2.726298	-0.000538
2.778726	0.000163
2.831155	-0.000181
2.883584	6.434865E-5
2.936013	0.001489
2.988442	0.003752
3.040870	9.142483E-5
3.093299	0.004256
3.145728	-0.000658
3.198157	0.000664
3.250586	0.000236
3.303015	-0.001519
3.355443	0.000740
3.460301	-0.000686
3.565158	0.000450
3.670016	-0.002523
3.774873	0.001886
3.879731	0.002137
3.984589	0.001522
4.089447	-0.000451
4.194304	-0.000127
4.299161	-0.001621
4.404019	-0.000446
4.508877	0.001360
4.613734	-0.000504
4.718592	0.000431
4.823450	0.000710
4.928307	-0.000937
5.033165	0.000311
5.138022	-0.002064
5.242880	-0.000336
5.347738	9.558273E-5
5.452595	0.001341
5.557453	0.000152
5.662311	-0.001017
5.767168	0.000879
5.872025	0.000998
5.976883	0.000175
6.081741	0.000978
6.186598	0.001152
6.291456	-0.000457
6.396314	-0.000847
6.501171	-0.001817
6.606029	-0.001883
6.710886	0.001608
6.920601	0.002611
7.130317	-0.000131
7.340032	-0.001972
7.549747	0.000432
7.759462	-0.000593
7.969178	0.001466
8.178893	-0.000727
8.388608	5.263722E-5
8.598323	0.000349
8.808039	-0.000887
9.017754	0.001029
9.227468	-0.001005
9.437184	-1.853411E-6
9.646899	-0.000388
9.856614	0.001087
10.066330	0.000719
10.276045	-6.757073E-5
10.485760	-0.000254
10.695476	8.704103E-5
10.905190	-5.929385E-5
11.114905	-0.001155
11.324621	-0.000716
11.534336	-0.000145
11.744051	0.001165
11.953767	0.000431
12.163482	-0.001053
12.373197	0.003208
12.582912	0.002302
12.792627	4.741977E-5
13.002342	0.000291
13.212058	-0.000557
13.421773	0.000874
13.841203	0.000700
14.260633	-0.001036
14.680064	-0.001207
15.099494	-0.000533
15.518925	0.000910
15.938355	0.002032
16.357786	0.000223
16.777216	-0.002935
17.196646	-6.841820E-5
17.616077	-0.001457
18.035507	0.002626
18.454937	0.002215
18.874369	0.000000
19.293798	NaN
19.713228	NaN
20.132660	NaN
20.552090	NaN
20.971519	NaN
21.390951	NaN
21.810381	NaN
22.229811	NaN
22.649242	NaN
23.068672	NaN
23.488102	NaN
23.907534	NaN
24.326963	NaN
24.746393	NaN
25.165825	NaN
25.585255	NaN
26.004684	NaN
26.424116	NaN
26.843546	NaN
27.682405	NaN
28.521267	NaN
29.360128	NaN
30.198988	NaN
31.037849	NaN
31.876711	NaN
32.715572	NaN
33.554432	NaN
34.393291	NaN
35.232155	NaN
36.071014	NaN
36.909874	NaN
37.748737	NaN
38.587597	NaN
39.426456	NaN
40.265320	NaN
41.104179	NaN
41.943039	NaN
42.781902	NaN
43.620762	NaN
44.459621	NaN
45.298485	NaN
46.137344	NaN
46.976204	NaN
47.815067	NaN
48.653927	NaN
49.492786	NaN
50.331650	NaN
51.170509	NaN
52.009369	NaN
52.848232	NaN
53.687092	NaN
55.364811	NaN
57.042534	NaN
58.720257	NaN
60.397976	NaN
62.075699	NaN
63.753422	NaN
65.431145	NaN
67.108864	NaN
68.786583	NaN
70.464310	NaN
72.142029	NaN
73.819748	NaN
75.497475	NaN
77.175194	NaN
78.852913	NaN
80.530640	NaN
82.208359	NaN
83.886078	NaN
85.563805	NaN
87.241524	NaN
88.919243	NaN
90.596970	NaN
92.274689	NaN
93.952408	NaN
95.630135	NaN
97.307854	NaN
98.985573	NaN
100.663300	NaN
102.341019	NaN
104.018738	NaN
105.696465	NaN
107.374184	NaN
110.729622	NaN
114.085068	NaN
117.440514	NaN
120.795952	NaN
124.151398	NaN
127.506844	NaN
130.862289	NaN
134.217728	NaN
137.573166	NaN
140.928619	NaN
144.284058	NaN
147.639496	NaN
150.994949	NaN
154.350388	NaN
157.705826	NaN
161.061279	NaN
164.416718	NaN
167.772156	NaN
171.127609	NaN
174.483047	NaN
177.838486	NaN
181.193939	NaN
184.549377	NaN
187.904816	NaN
191.260269	NaN
194.615707	NaN
197.971146	NaN
201.326599	NaN
204.682037	NaN
208.037476	NaN
211.392929	NaN
214.748367	NaN
221.459244	NaN
228.170135	NaN
234.881027	NaN
241.591904	NaN
248.302795	NaN
255.013687	NaN
261.724579	NaN
268.435455	NaN
275.146332	NaN
281.857239	NaN
288.568115	NaN
295.278992	NaN
301.989899	NaN
308.700775	NaN
315.411652	NaN
322.122559	NaN
328.833435	NaN
335.544312	NaN
342.255219	NaN
348.966095	NaN
355.676971	NaN
362.387878	NaN
369.098755	NaN
375.809631	NaN
382.520538	NaN
389.231415	NaN
395.942291	NaN
402.653198	NaN
409.364075	NaN
416.074951	NaN
422.785858	NaN
429.496735	NaN
442.918488	NaN
456.340271	NaN
469.762054	NaN
483.183807	NaN
496.605591	NaN
510.027374	NaN
523.449158	NaN
536.870911	NaN
550.292664	NaN
563.714478	NaN
577.136230	NaN
590.557983	NaN
603.979797	NaN
617.401550	NaN
630.823303	NaN
644.245117	NaN
657.666870	NaN
671.088623	NaN
684.510437	NaN
697.932190	NaN
711.353943	NaN
724.775757	NaN
738.197510	NaN
751.619263	NaN
765.041077	NaN
778.462830	NaN
791.884583	NaN
805.306396	NaN
818.728149	NaN
832.149902	NaN
845.571716	NaN
858.993469	NaN
885.836975	NaN
912.680542	NaN
939.524109	NaN
966.367615	NaN
993.211182	NaN
1020.054749	NaN
1046.898315	NaN
1073.741821	NaN
1100.585327	NaN
1127.428955	NaN
1154.272461	NaN
1181.115967	NaN
1207.959595	NaN
1234.803101	NaN
1261.646606	NaN
1288.490234	NaN
1315.333740	NaN
1342.177246	NaN
1369.020874	NaN
1395.864380	NaN
1422.707886	NaN
1449.551514	NaN
1476.395020	NaN
1503.238525	NaN
1530.082153	NaN
1556.925659	NaN
1583.769165	NaN
1610.612793	NaN
1637.456299	NaN
1664.299805	NaN
1691.143433	NaN
1717.986938	NaN
1771.673950	NaN
1825.361084	NaN
1879.048218	NaN
1932.735229	NaN
1986.422363	NaN
2040.109497	NaN
2093.796631	NaN
2147.483643	NaN
2201.170654	NaN
2254.857910	NaN
2308.544922	NaN
2362.231934	NaN
2415.919189	NaN
2469.606201	NaN
2523.293213	NaN
2576.980469	NaN
2630.667480	NaN
2684.354492	NaN
2738.041748	NaN
2791.728760	NaN
2845.415771	NaN
2899.103027	NaN
2952.790039	NaN
3006.477051	NaN
3060.164307	NaN
3113.851318	NaN
3167.538330	NaN
3221.225586	NaN
3274.912598	NaN
3328.599609	NaN
3382.286865	NaN
3435.973877	NaN
0.000000	NaN
0.000000	NaN
0.000000	NaN
0.000000	NaN
0.000000	NaN
0.000000	NaN
0.000000	NaN
0.000000	NaN
0.000000	NaN
0.000000	NaN
0.000000	NaN
0.000000	NaN
0.000000	NaN
0.000000	NaN
0.000000	NaN
0.000000	NaN
0.000000	NaN
0.000000	NaN
0.000000	NaN
0.000000	NaN
0.000000	NaN
0.000000	NaN
0.000000	NaN
0.000000	NaN
0.000000	NaN
0.000000	NaN
0.000000	NaN
0.000000	NaN
0.000000	NaN
0.000000	NaN
0.000000	NaN
0.000000	NaN

Count Rate History (KHz)  CR CHA / CR CHB
0.000000	420.589447	436.410904
0.104858	494.899750	529.642105
0.209715	488.986969	514.850616
0.314573	485.830307	532.159805
0.419430	548.515320	572.586060
0.524288	648.908615	681.123734
0.629146	480.213165	503.759384
0.734003	525.445938	569.171906
0.838861	514.688492	543.937683
0.943718	593.500137	635.423660
1.048576	461.997986	475.053787
1.153434	504.665375	525.188446
1.258291	523.691177	575.895309
1.363149	482.072830	502.862930
1.468006	526.866913	551.614761
1.572864	619.621277	646.667480
1.677722	585.556030	633.678436
1.782579	429.792404	448.894501
1.887437	424.718857	440.416336
1.992294	548.400879	590.820312
2.097152	407.447815	425.491333
2.202010	431.604385	457.649231
2.306867	438.995361	476.646423
2.411725	481.004715	489.549637
2.516582	421.104431	467.500687
2.621440	588.216782	624.942780
2.726298	424.852371	430.126190
2.831155	325.031281	341.272354
2.936013	451.707840	492.153168
3.040870	525.283813	535.049438
3.145728	520.563126	568.599701
3.250586	442.399979	453.491211
3.355443	453.548431	530.223846
3.460301	535.974503	513.582230
3.565158	558.834076	572.957993
3.670016	549.936295	582.523346
3.774874	540.943146	584.564209
3.879731	470.857620	489.883423
3.984589	473.480225	494.184494
4.089446	438.299179	470.046997
4.194304	454.263687	487.966537
4.299162	532.979965	543.527603
4.404019	558.729172	591.115952
4.508877	546.464920	611.972809
4.613734	607.910156	598.134995
4.718592	577.468872	613.107681
4.823450	450.754166	491.027832
4.928307	536.470413	570.669174
5.033165	449.514389	461.864471
5.138022	489.416122	505.323410
5.242880	478.773117	506.706238
5.347738	641.927719	714.960098
5.452595	583.276749	583.477020
5.557453	542.011261	554.838181
5.662310	387.468338	405.874252
5.767168	447.320938	505.256653
5.872026	403.671265	400.667191
5.976883	523.796082	555.095673
6.081741	476.865768	503.826141
6.186598	500.822067	530.195236
6.291456	484.304428	503.997803
6.396314	455.150604	478.744507
6.501171	629.005432	676.498413
6.606029	411.348343	418.062210
6.710886	571.575165	619.964600
6.815744	489.044189	504.722595
6.920602	502.452850	527.734756
7.025459	510.063171	532.627106
7.130317	415.563583	442.485809
7.235174	403.451920	440.206528
7.340032	583.314896	613.479614
7.444890	511.093140	552.425385
7.549747	633.449554	640.659332
7.654605	448.122025	498.399734
7.759462	477.237701	494.737625
7.864320	508.022308	535.078049
7.969178	404.825211	423.755646
8.074035	435.094833	463.590622
8.178893	332.345963	349.121094
8.283750	489.606857	516.738892
8.388608	538.263321	565.853119
8.493466	583.992004	615.978241
8.598323	452.117920	474.586487
8.703181	464.878082	512.838364
8.808038	546.731949	579.051971
8.912896	547.657013	585.556030
9.017754	425.853729	467.262268
9.122611	507.001877	521.945953
9.227469	417.490005	429.811478
9.332326	559.225082	588.808060
9.437184	521.583557	543.327332
9.542042	463.857651	505.790710
9.646899	407.314301	417.690277
9.751757	525.741577	600.519180
9.856614	593.185425	582.160950
9.961472	482.988358	551.357269
10.066330	551.519394	551.939011
10.171187	403.079987	433.015823
10.276045	486.497879	493.049622
10.380902	507.717133	528.020859
10.485760	482.225418	514.945984
10.590618	550.899506	576.410294
10.695475	476.903915	507.240295
10.800333	567.770004	609.331131
10.905190	529.184341	546.131134
11.010048	486.650467	528.402328
11.114906	421.400070	442.304611
11.219763	555.753708	588.750839
11.324621	503.168106	527.372360
11.429478	547.151566	599.060059
11.534336	589.179993	623.788834
11.639194	475.254059	500.545502
11.744051	563.611984	565.948486
11.848909	504.016876	558.061600
11.953766	405.406952	425.653458
12.058624	557.022095	579.681396
12.163482	524.721146	551.795959
12.268339	500.488281	529.918671
12.373197	491.676331	552.520752
12.478054	581.693649	569.610596
12.582912	416.650772	443.000793
12.687770	383.892059	410.404205
12.792627	440.778732	472.230911
12.897485	580.968857	613.718033
13.002342	493.383408	543.498993
13.107200	561.065674	564.670563
13.212058	573.253632	635.242462
13.316915	532.426834	535.583496
13.421773	412.635803	437.593460
13.526630	496.473312	542.955399
13.631488	550.279617	564.718246
13.736346	446.052551	483.608246
13.841203	440.263748	452.079773
13.946061	530.195236	562.620163
14.050918	550.460815	593.051910
14.155776	406.627655	412.502289
14.260634	523.300171	576.772690
14.365491	595.493317	613.727570
14.470349	439.500809	462.398529
14.575206	449.218750	500.116348
14.680064	438.756943	438.814163
14.784922	398.025513	422.677994
14.889779	429.735184	456.933975
14.994637	416.593552	461.721420
15.099494	438.089371	446.357727
15.204352	495.471954	530.366898
15.309210	495.624542	510.988235
15.414067	457.963943	482.454300
15.518925	471.725464	504.026413
15.623782	544.033051	568.895340
15.728640	451.679230	469.293594
15.833498	425.291061	460.157394
15.938355	412.740707	430.841446
16.043213	493.659973	545.234680
16.148070	420.217514	407.762527
16.252928	420.331955	447.187424
16.357786	476.779938	504.264832
16.462643	513.763428	542.831421
16.567501	424.432755	451.908112
16.672358	454.006195	479.116440
16.777216	494.146347	529.918671
16.882074	469.179153	494.918823
16.986931	538.549423	567.407608
17.091789	482.788086	533.685684
17.196646	515.060425	516.719818
17.301504	435.781479	459.880829
17.406362	483.198166	517.339706
17.511219	497.703552	514.945984
17.616077	481.672287	523.481369
17.720934	416.927338	441.789627
17.825792	507.049561	539.407730
17.930650	523.853302	541.210175
18.035507	380.430222	398.674011
18.140365	441.589355	478.191376
18.245222	460.252762	470.838547
18.350080	414.800644	444.526672
18.454938	478.734970	509.204865
18.559795	551.118851	569.219589
18.664653	375.680923	424.528122
18.769510	479.211807	495.767593
18.874368	411.672592	423.269272
18.979226	554.838181	588.321686
19.084083	614.976883	644.769669
19.188941	452.852249	467.205048
19.293798	444.841385	470.409393
19.398656	424.528122	470.123291
19.503514	425.043106	458.173752
19.608371	441.761017	441.532135
19.713229	414.009094	437.116623
