1/9/2026	1:45 PM
Pseudo Cross Correlation
Scattering angle:	130.0
Duration (s):	20
Wavelength (nm):	632.8
Refractive index:	1.330
Viscosity (mPas):	0.712
Temperature (K):	308.7
Laser intensity (mW):	2.649948
Average Count rate  A (kHz):	65.1
Average Count rate  B (kHz):	63.3
Intercept:	0.8561
Cumulant 1st	51.23
Cumulant 2nd	51.71	5.47
Cumulant 3rd	52.06	9.36

Lag time (s)         g2-1
1.250000E-8	0.855078
2.500000E-8	0.885441
3.750000E-8	0.893277
5.000000E-8	0.852140
6.250000E-8	0.878585
7.500000E-8	0.885441
8.750000E-8	0.875647
1.000000E-7	0.846263
1.125000E-7	0.775743
1.250000E-7	0.861935
1.375000E-7	0.817859
1.500000E-7	0.939311
1.625000E-7	0.872708
1.750000E-7	0.878585
1.875000E-7	0.878585
2.000000E-7	0.952044
2.125000E-7	0.868791
2.250000E-7	0.827654
2.375000E-7	0.853119
2.500000E-7	0.831572
2.625000E-7	0.854099
2.750000E-7	0.828633
2.875000E-7	0.824715
3.000000E-7	0.877606
3.125000E-7	0.884462
3.250000E-7	0.840387
3.375000E-7	0.800229
3.500000E-7	0.838428
3.625000E-7	0.878585
3.750000E-7	0.913845
3.875000E-7	0.798270
4.000000E-7	0.811983
4.125000E-7	0.860955
4.250000E-7	0.838428
4.375000E-7	0.871729
4.500000E-7	0.888380
4.625000E-7	0.782599
4.750000E-7	0.821777
4.875000E-7	0.855078
5.000000E-7	0.827654
5.125000E-7	0.760072
5.250000E-7	0.840387
5.375000E-7	0.942249
5.500000E-7	0.828633
5.625000E-7	0.885441
5.750000E-7	0.810024
5.875000E-7	0.874667
6.000000E-7	0.867811
6.125000E-7	0.913845
6.250000E-7	0.852140
6.375000E-7	0.860955
6.500000E-7	0.902092
6.625000E-7	0.891318
6.750000E-7	0.841366
6.875000E-7	0.909928
7.000000E-7	0.779661
7.125000E-7	0.801209
7.250000E-7	0.772805
7.375000E-7	0.729709
7.500000E-7	0.878585
7.625000E-7	0.852140
7.750000E-7	0.810024
7.875000E-7	0.900133
8.000000E-7	0.755174
8.250000E-7	0.872708
8.500000E-7	0.792883
8.750000E-7	0.853609
9.000000E-7	0.839897
9.250000E-7	0.818349
9.500000E-7	0.852630
9.750000E-7	0.836959
1.000000E-6	0.824715
1.025000E-6	0.841856
1.050000E-6	0.872219
1.075000E-6	0.887400
1.100000E-6	0.885931
1.125000E-6	0.869770
1.150000E-6	0.848712
1.175000E-6	0.868301
1.200000E-6	0.842835
1.225000E-6	0.854099
1.250000E-6	0.879565
1.275000E-6	0.793863
1.300000E-6	0.882503
1.325000E-6	0.850181
1.350000E-6	0.856058
1.375000E-6	0.862424
1.400000E-6	0.901113
1.425000E-6	0.823246
1.450000E-6	0.868791
1.475000E-6	0.835979
1.500000E-6	0.845284
1.525000E-6	0.827164
1.550000E-6	0.763500
1.575000E-6	0.835979
1.600000E-6	0.872219
1.650000E-6	0.854344
1.700000E-6	0.832061
1.750000E-6	0.823491
1.800000E-6	0.867321
1.850000E-6	0.830837
1.900000E-6	0.861690
1.950000E-6	0.829123
2.000000E-6	0.840876
2.050000E-6	0.832551
2.100000E-6	0.863649
2.150000E-6	0.870505
2.200000E-6	0.826429
2.250000E-6	0.842835
2.300000E-6	0.890583
2.350000E-6	0.841611
2.400000E-6	0.833775
2.450000E-6	0.842835
2.500000E-6	0.849202
2.550000E-6	0.831816
2.600000E-6	0.867321
2.650000E-6	0.862424
2.700000E-6	0.865852
2.750000E-6	0.805861
2.800000E-6	0.810269
2.850000E-6	0.836224
2.900000E-6	0.855568
2.950000E-6	0.852630
3.000000E-6	0.823981
3.050000E-6	0.878585
3.100000E-6	0.821777
3.150000E-6	0.868791
3.200000E-6	0.859486
3.300000E-6	0.860588
3.400000E-6	0.812962
3.500000E-6	0.846998
3.600000E-6	0.877606
3.700000E-6	0.855078
3.800000E-6	0.839774
3.900000E-6	0.847243
4.000000E-6	0.835857
4.100000E-6	0.806106
4.200000E-6	0.829735
4.300000E-6	0.862424
4.400000E-6	0.819941
4.500000E-6	0.809167
4.600000E-6	0.840387
4.700000E-6	0.829490
4.800000E-6	0.847488
4.900000E-6	0.847488
5.000000E-6	0.832551
5.100000E-6	0.823858
5.200000E-6	0.831694
5.300000E-6	0.805983
5.400000E-6	0.841366
5.500000E-6	0.817859
5.600000E-6	0.821777
5.700000E-6	0.846631
5.800000E-6	0.830592
5.900000E-6	0.822022
6.000000E-6	0.824471
6.100000E-6	0.809779
6.200000E-6	0.807453
6.300000E-6	0.803290
6.400000E-6	0.823858
6.600000E-6	0.832123
6.800000E-6	0.817002
7.000000E-6	0.800964
7.200000E-6	0.814492
7.400000E-6	0.817614
7.600000E-6	0.821104
7.800000E-6	0.829001
8.000000E-6	0.812840
8.200000E-6	0.833224
8.400000E-6	0.803963
8.600000E-6	0.801821
8.800000E-6	0.809473
9.000000E-6	0.815472
9.200000E-6	0.785721
9.400000E-6	0.791598
9.600000E-6	0.812472
9.800000E-6	0.787374
1.000000E-5	0.787864
1.020000E-5	0.796189
1.040000E-5	0.797107
1.060000E-5	0.784130
1.080000E-5	0.796924
1.100000E-5	0.793189
1.120000E-5	0.825695
1.140000E-5	0.793251
1.160000E-5	0.785293
1.180000E-5	0.786884
1.200000E-5	0.798025
1.220000E-5	0.784619
1.240000E-5	0.805126
1.260000E-5	0.788108
1.280000E-5	0.800596
1.320000E-5	0.782018
1.360000E-5	0.769346
1.400000E-5	0.771580
1.440000E-5	0.767448
1.480000E-5	0.775161
1.520000E-5	0.780946
1.560000E-5	0.754960
1.600000E-5	0.759521
1.640000E-5	0.759153
1.680000E-5	0.751930
1.720000E-5	0.747920
1.760000E-5	0.750063
1.800000E-5	0.760378
1.840000E-5	0.759398
1.880000E-5	0.752450
1.920000E-5	0.744829
1.960000E-5	0.756797
2.000000E-5	0.745747
2.040000E-5	0.759919
2.080000E-5	0.739687
2.120000E-5	0.737453
2.160000E-5	0.732586
2.200000E-5	0.742411
2.240000E-5	0.721292
2.280000E-5	0.728546
2.320000E-5	0.734055
2.360000E-5	0.712385
2.400000E-5	0.728117
2.440000E-5	0.716180
2.480000E-5	0.721567
2.520000E-5	0.724230
2.560000E-5	0.711375
2.640000E-5	0.712859
2.720000E-5	0.712874
2.800000E-5	0.705268
2.880000E-5	0.694969
2.960000E-5	0.694525
3.040000E-5	0.696025
3.120000E-5	0.684042
3.200000E-5	0.675303
3.280000E-5	0.682894
3.360000E-5	0.671018
3.440000E-5	0.674446
3.520000E-5	0.670544
3.600000E-5	0.664836
3.680000E-5	0.665034
3.760000E-5	0.658836
3.840000E-5	0.654169
3.920000E-5	0.655026
4.000000E-5	0.638911
4.080000E-5	0.647772
4.160000E-5	0.638849
4.240000E-5	0.638176
4.320000E-5	0.633478
4.400000E-5	0.632009
4.480000E-5	0.626545
4.560000E-5	0.627111
4.640000E-5	0.608226
4.720000E-5	0.612955
4.800000E-5	0.609466
4.880000E-5	0.606375
4.960000E-5	0.595937
5.040000E-5	0.593213
5.120000E-5	0.591652
5.280000E-5	0.592916
5.440000E-5	0.586489
5.600000E-5	0.578915
5.760000E-5	0.566795
5.920000E-5	0.562563
6.080000E-5	0.554828
6.240000E-5	0.548584
6.400000E-5	0.546664
6.560000E-5	0.546006
6.720000E-5	0.535539
6.880000E-5	0.524277
7.040000E-5	0.518032
7.200000E-5	0.514168
7.360000E-5	0.507405
7.520000E-5	0.506808
7.680000E-5	0.503112
7.840000E-5	0.490097
8.000000E-5	0.483173
8.160000E-5	0.477313
8.320000E-5	0.475056
8.480000E-5	0.469685
8.640000E-5	0.469012
8.800000E-5	0.452493
8.960000E-5	0.455363
9.120000E-5	0.452509
9.280000E-5	0.445493
9.440000E-5	0.441813
9.600000E-5	0.433665
9.760000E-5	0.428845
9.920000E-5	0.425035
0.000101	0.416504
0.000102	0.417246
0.000106	0.407706
0.000109	0.395669
0.000112	0.384540
0.000115	0.376272
0.000118	0.373785
0.000122	0.361400
0.000125	0.351639
0.000128	0.342315
0.000131	0.337009
0.000134	0.328099
0.000138	0.321366
0.000141	0.316860
0.000144	0.308003
0.000147	0.304422
0.000150	0.294292
0.000154	0.287375
0.000157	0.278207
0.000160	0.275916
0.000163	0.269921
0.000166	0.265027
0.000170	0.260489
0.000173	0.250369
0.000176	0.244818
0.000179	0.239260
0.000182	0.234572
0.000186	0.232719
0.000189	0.225809
0.000192	0.223112
0.000195	0.213073
0.000198	0.211685
0.000202	0.204606
0.000205	0.199177
0.000211	0.190162
0.000218	0.179774
0.000224	0.172461
0.000230	0.166589
0.000237	0.160294
0.000243	0.152915
0.000250	0.144230
0.000256	0.137018
0.000262	0.134924
0.000269	0.127586
0.000275	0.120440
0.000282	0.115873
0.000288	0.109180
0.000294	0.103359
0.000301	0.100322
0.000307	0.095263
0.000314	0.092552
0.000320	0.085808
0.000326	0.085904
0.000333	0.080251
0.000339	0.076159
0.000346	0.074044
0.000352	0.070589
0.000358	0.065965
0.000365	0.062241
0.000371	0.059051
0.000378	0.058180
0.000384	0.056554
0.000390	0.053331
0.000397	0.050364
0.000403	0.044881
0.000410	0.045292
0.000422	0.041615
0.000435	0.038048
0.000448	0.035083
0.000461	0.030421
0.000474	0.031352
0.000486	0.025550
0.000499	0.023264
0.000512	0.023111
0.000525	0.021225
0.000538	0.017634
0.000550	0.016233
0.000563	0.016911
0.000576	0.012728
0.000589	0.011467
0.000602	0.012570
0.000614	0.008776
0.000627	0.009282
0.000640	0.006307
0.000653	0.004178
0.000666	0.002504
0.000678	0.004198
0.000691	0.002445
0.000704	0.000847
0.000717	-0.000279
0.000730	0.000430
0.000742	-0.000364
0.000755	0.000881
0.000768	0.003610
0.000781	0.003979
0.000794	0.001382
0.000806	-0.000466
0.000819	0.000817
0.000845	0.001318
0.000870	0.001198
0.000896	-9.960228E-6
0.000922	0.001013
0.000947	0.000473
0.000973	-0.001518
0.000998	-0.000558
0.001024	-0.001136
0.001050	-0.001436
0.001075	0.001456
0.001101	-0.000163
0.001126	-0.000749
0.001152	0.000507
0.001178	-0.000678
0.001203	3.834226E-5
0.001229	-0.000158
0.001254	0.000377
0.001280	7.220308E-5
0.001306	0.000828
0.001331	0.000164
0.001357	0.000261
0.001382	0.000416
0.001408	0.001156
0.001434	0.000904
0.001459	0.001443
0.001485	-0.000166
0.001510	1.006681E-5
0.001536	0.000600
0.001562	0.001923
0.001587	0.000101
0.001613	-0.000155
0.001638	0.001279
0.001690	0.000517
0.001741	0.001548
0.001792	0.001306
0.001843	0.002301
0.001894	0.001563
0.001946	0.000123
0.001997	-7.627658E-5
0.002048	-0.003011
0.002099	-0.003169
0.002150	-0.005006
0.002202	-0.006022
0.002253	-0.006523
0.002304	-0.006513
0.002355	-0.007590
0.002406	-0.007279
0.002458	-0.005994
0.002509	-0.003962
0.002560	-0.003755
0.002611	-0.003120
0.002662	-0.001425
0.002714	-0.001134
0.002765	-0.001325
0.002816	-0.003033
0.002867	-0.004301
0.002918	-0.001508
0.002970	-0.001426
0.003021	-0.000223
0.003072	-0.000529
0.003123	0.000561
0.003174	-0.000391
0.003226	-0.000516
0.003277	-0.001306
0.003379	-0.000681
0.003482	0.001514
0.003584	0.002731
0.003686	0.005340
0.003789	0.006838
0.003891	0.006258
0.003994	0.003627
0.004096	0.002939
0.004198	0.000831
0.004301	0.001684
0.004403	0.001498
0.004506	8.618268E-5
0.004608	0.001132
0.004710	0.002112
0.004813	0.003779
0.004915	0.006308
0.005018	0.006837
0.005120	0.008014
0.005222	0.004224
0.005325	0.001805
0.005427	0.000795
0.005530	0.000374
0.005632	-0.000242
0.005734	-2.595118E-5
0.005837	-0.001485
0.005939	-0.000223
0.006042	0.001085
0.006144	0.002378
0.006246	0.000861
0.006349	-0.002129
0.006451	-0.002456
0.006554	-0.001658
0.006758	-0.001509
0.006963	0.000863
0.007168	0.002971
0.007373	0.002370
0.007578	0.000695
0.007782	-0.001524
0.007987	-0.001709
0.008192	-0.002494
0.008397	-0.000671
0.008602	-0.000920
0.008806	-0.001833
0.009011	-0.001230
0.009216	3.932359E-5
0.009421	0.001725
0.009626	0.002799
0.009830	0.003595
0.010035	0.004016
0.010240	0.003256
0.010445	0.002763
0.010650	0.003246
0.010854	0.003774
0.011059	0.001039
0.011264	0.001637
0.011469	0.003284
0.011674	0.001205
0.011878	0.002617
0.012083	0.001164
0.012288	0.000905
0.012493	0.002821
0.012698	0.003413
0.012902	0.001657
0.013107	0.000562
0.013517	-0.001291
0.013926	0.003473
0.014336	0.001324
0.014746	0.004816
0.015155	0.001920
0.015565	-0.002473
0.015974	-0.003014
0.016384	-0.000304
0.016794	0.003952
0.017203	-0.003537
0.017613	-0.005897
0.018022	-0.000378
0.018432	-0.001751
0.018842	0.000231
0.019251	0.002582
0.019661	0.002410
0.020070	0.002179
0.020480	0.002366
0.020890	0.001345
0.021299	-0.000576
0.021709	0.002349
0.022118	0.001488
0.022528	0.000236
0.022938	0.000661
0.023347	-0.001991
0.023757	-0.001936
0.024166	0.001774
0.024576	-0.000395
0.024986	-0.002907
0.025395	0.000963
0.025805	0.003654
0.026214	-0.002432
0.027034	0.002056
0.027853	0.003989
0.028672	0.001329
0.029491	0.001012
0.030310	0.002280
0.031130	-0.002385
0.031949	0.001495
0.032768	0.000431
0.033587	0.002584
0.034406	0.001937
0.035226	0.001128
0.036045	0.000447
0.036864	0.002171
0.037683	0.003240
0.038502	0.001505
0.039322	0.002663
0.040141	0.002133
0.040960	0.002523
0.041779	-0.000104
0.042598	0.002328
0.043418	-0.000853
0.044237	-0.001028
0.045056	0.000202
0.045875	0.001573
0.046694	0.001541
0.047514	0.000164
0.048333	0.003198
0.049152	-0.003970
0.049971	0.000471
0.050790	0.001397
0.051610	0.000647
0.052429	0.001089
0.054067	0.004371
0.055706	0.002219
0.057344	0.002363
0.058982	-0.001617
0.060621	-0.000798
0.062259	-5.900813E-5
0.063898	0.000675
0.065536	0.001905
0.067174	0.003247
0.068813	0.001330
0.070451	0.002782
0.072090	0.001317
0.073728	0.000175
0.075366	0.002526
0.077005	-0.000463
0.078643	0.000496
0.080282	0.001323
0.081920	0.001726
0.083558	-0.000220
0.085197	0.001340
0.086835	-0.000212
0.088474	0.001623
0.090112	0.001261
0.091750	0.000275
0.093389	-0.001780
0.095027	0.000446
0.096666	-0.000840
0.098304	-0.000976
0.099942	0.000528
0.101581	0.000518
0.103219	-0.000177
0.104858	-0.000448
0.108134	0.000824
0.111411	-0.001000
0.114688	0.002278
0.117965	-0.000939
0.121242	0.001299
0.124518	-0.000375
0.127795	0.000966
0.131072	-0.001153
0.134349	0.000157
0.137626	0.001367
0.140902	-2.476935E-5
0.144179	-0.000894
0.147456	8.264984E-5
0.150733	0.001247
0.154010	0.000522
0.157286	-0.000460
0.160563	0.001439
0.163840	-0.000877
0.167117	0.002096
0.170394	-4.843863E-6
0.173670	0.001047
0.176947	0.000689
0.180224	0.000287
0.183501	-0.000273
0.186778	0.000428
0.190054	0.000494
0.193331	0.000313
0.196608	-0.000466
0.199885	-0.001948
0.203162	4.738959E-5
0.206438	0.000893
0.209715	-0.000701
0.216269	-0.000361
0.222822	-5.108893E-6
0.229376	-0.000423
0.235930	0.000659
0.242483	-0.000185
0.249037	-0.001174
0.255590	-0.000160
0.262144	-0.000549
0.268698	-0.000130
0.275251	-6.764653E-5
0.281805	-0.000120
0.288358	-0.000314
0.294912	-0.000803
0.301466	-0.000101
0.308019	-0.001012
0.314573	-0.000797
0.321126	0.000614
0.327680	-0.000441
0.334234	-2.853075E-5
0.340787	-0.000912
0.347341	0.000523
0.353894	0.000319
0.360448	0.000161
0.367002	6.704152E-5
0.373555	-0.000686
0.380109	-4.004881E-5
0.386662	1.862461E-5
0.393216	0.000410
0.399770	-0.000514
0.406323	-0.000330
0.412877	8.831650E-5
0.419430	-0.000779
0.432538	0.000271
0.445645	-0.000779
0.458752	-0.000684
0.471859	-0.000559
0.484966	-0.000401
0.498074	4.881476E-5
0.511181	0.000437
0.524288	-3.156372E-5
0.537395	0.000699
0.550502	-0.001145
0.563610	-0.000663
0.576717	-0.000209
0.589824	-9.487382E-5
0.602931	-0.000441
0.616038	0.000354
0.629146	-0.000297
0.642253	0.000719
0.655360	0.000382
0.668467	-0.000845
0.681574	-0.000201
0.694682	-0.000716
0.707789	-0.000375
0.720896	-0.000734
0.734003	-0.000363
0.747110	-0.000422
0.760218	-0.000106
0.773325	0.000422
0.786432	9.082407E-5
0.799539	-0.000287
0.812646	-0.000201
0.825754	-2.755191E-5
0.838861	0.000300
0.865075	-0.000350
0.891290	-0.001007
0.917504	-0.000254
0.943718	-0.000149
0.969933	-0.000895
0.996147	-0.000416
1.022362	8.815776E-6
1.048576	-0.000451
1.074790	-0.000594
1.101005	-0.000155
1.127219	-0.000280
1.153434	0.000215
1.179648	0.000343
1.205862	-5.736817E-6
1.232077	-0.000222
1.258291	0.000250
1.284506	-0.000190
1.310720	2.748968E-6
1.336934	0.000249
1.363149	0.000266
1.389363	-0.000275
1.415578	-0.000299
1.441792	-3.572839E-6
1.468006	5.804436E-5
1.494221	-0.000543
1.520435	-0.000722
1.546650	9.705508E-5
1.572864	-0.000681
1.599078	0.000566
1.625293	0.000392
1.651507	0.000394
1.677722	0.000606
1.730150	0.000127
1.782579	0.000387
1.835008	0.000275
1.887437	-0.000141
1.939866	8.294314E-6
1.992294	0.000616
2.044723	-0.000103
2.097152	-0.000120
2.149581	-6.976342E-5
2.202010	0.000141
2.254438	0.000333
2.306867	7.949033E-5
2.359296	-4.066712E-5
2.411725	-1.892934E-5
2.464154	-3.669406E-5
2.516582	-0.000801
2.569011	-0.000567
2.621440	-4.049393E-5
2.673869	-0.000665
2.726298	-0.000208
2.778726	-0.000121
2.831155	0.000119
2.883584	-0.000186
2.936013	-0.000485
2.988442	-0.000503
3.040870	0.000324
3.093299	6.326182E-5
3.145728	-0.000334
3.198157	7.556094E-5
3.250586	0.000454
3.303015	-3.847915E-5
3.355443	-7.434771E-5
3.460301	1.065991E-5
3.565158	-0.000184
3.670016	3.771504E-5
3.774873	-0.000116
3.879731	3.209727E-5
3.984589	-0.000221
4.089447	0.000213
4.194304	4.525106E-5
4.299161	8.045979E-5
4.404019	9.202102E-5
4.508877	0.000272
4.613734	-0.000479
4.718592	-0.000404
4.823450	-0.000394
4.928307	-6.628257E-5
5.033165	-0.000121
5.138022	-2.416730E-5
5.242880	0.000201
5.347738	2.276179E-5
5.452595	0.000300
5.557453	0.000218
5.662311	0.000247
5.767168	0.000125
5.872025	0.000140
5.976883	0.000270
6.081741	0.000287
6.186598	0.000406
6.291456	-2.123748E-5
6.396314	-0.000505
6.501171	-0.000559
6.606029	-0.000114
6.710886	7.489962E-5
6.920601	-0.000139
7.130317	0.000264
7.340032	0.000261
7.549747	0.000287
7.759462	-0.000189
7.969178	-0.000211
8.178893	-0.000527
8.388608	1.634519E-5
8.598323	0.000201
8.808039	0.000315
9.017754	1.993045E-5
9.227468	0.000525
9.437184	-5.241811E-5
9.646899	-0.000392
9.856614	-0.000271
10.066330	-1.372656E-5
10.276045	-2.870933E-5
10.485760	4.517350E-5
10.695476	3.714529E-5
10.905190	0.000130
11.114905	0.000344
11.324621	-0.000445
11.534336	-0.000354
11.744051	-3.756204E-5
11.953767	-0.000506
12.163482	0.000404
12.373197	-5.018166E-5
12.582912	-0.000577
12.792627	0.000923
13.002342	0.000533
13.212058	-0.000599
13.421773	0.000359
13.841203	-0.000634
14.260633	-0.000179
14.680064	0.000601
15.099494	0.000884
15.518925	-7.595035E-5
15.938355	-0.000331
16.357786	0.000268
16.777216	-0.000425
17.196646	4.219191E-5
17.616077	-0.000784
18.035507	-0.000100
18.454937	7.615963E-6
18.874369	0.000000
19.293798	NaN
19.713228	NaN
20.132660	NaN
20.552090	NaN
20.971519	NaN
21.390951	NaN
21.810381	NaN
22.229811	NaN
22.649242	NaN
23.068672	NaN
23.488102	NaN
23.907534	NaN
24.326963	NaN
24.746393	NaN
25.165825	NaN
25.585255	NaN
26.004684	NaN
26.424116	NaN
26.843546	NaN
27.682405	NaN
28.521267	NaN
29.360128	NaN
30.198988	NaN
31.037849	NaN
31.876711	NaN
32.715572	NaN
33.554432	NaN
34.393291	NaN
35.232155	NaN
36.071014	NaN
36.909874	NaN
37.748737	NaN
38.587597	NaN
39.426456	NaN
40.265320	NaN
41.104179	NaN
41.943039	NaN
42.781902	NaN
43.620762	NaN
44.459621	NaN
45.298485	NaN
46.137344	NaN
46.976204	NaN
47.815067	NaN
48.653927	NaN
49.492786	NaN
50.331650	NaN
51.170509	NaN
52.009369	NaN
52.848232	NaN
53.687092	NaN
55.364811	NaN
57.042534	NaN
58.720257	NaN
60.397976	NaN
62.075699	NaN
63.753422	NaN
65.431145	NaN
67.108864	NaN
68.786583	NaN
70.464310	NaN
72.142029	NaN
73.819748	NaN
75.497475	NaN
77.175194	NaN
78.852913	NaN
80.530640	NaN
82.208359	NaN
83.886078	NaN
85.563805	NaN
87.241524	NaN
88.919243	NaN
90.596970	NaN
92.274689	NaN
93.952408	NaN
95.630135	NaN
97.307854	NaN
98.985573	NaN
100.663300	NaN
102.341019	NaN
104.018738	NaN
105.696465	NaN
107.374184	NaN
110.729622	NaN
114.085068	NaN
117.440514	NaN
120.795952	NaN
124.151398	NaN
127.506844	NaN
130.862289	NaN
134.217728	NaN
137.573166	NaN
140.928619	NaN
144.284058	NaN
147.639496	NaN
150.994949	NaN
154.350388	NaN
157.705826	NaN
161.061279	NaN
164.416718	NaN
167.772156	NaN
171.127609	NaN
174.483047	NaN
177.838486	NaN
181.193939	NaN
184.549377	NaN
187.904816	NaN
191.260269	NaN
194.615707	NaN
197.971146	NaN
201.326599	NaN
204.682037	NaN
208.037476	NaN
211.392929	NaN
214.748367	NaN
221.459244	NaN
228.170135	NaN
234.881027	NaN
241.591904	NaN
248.302795	NaN
255.013687	NaN
261.724579	NaN
268.435455	NaN
275.146332	NaN
281.857239	NaN
288.568115	NaN
295.278992	NaN
301.989899	NaN
308.700775	NaN
315.411652	NaN
322.122559	NaN
328.833435	NaN
335.544312	NaN
342.255219	NaN
348.966095	NaN
355.676971	NaN
362.387878	NaN
369.098755	NaN
375.809631	NaN
382.520538	NaN
389.231415	NaN
395.942291	NaN
402.653198	NaN
409.364075	NaN
416.074951	NaN
422.785858	NaN
429.496735	NaN
442.918488	NaN
456.340271	NaN
469.762054	NaN
483.183807	NaN
496.605591	NaN
510.027374	NaN
523.449158	NaN
536.870911	NaN
550.292664	NaN
563.714478	NaN
577.136230	NaN
590.557983	NaN
603.979797	NaN
617.401550	NaN
630.823303	NaN
644.245117	NaN
657.666870	NaN
671.088623	NaN
684.510437	NaN
697.932190	NaN
711.353943	NaN
724.775757	NaN
738.197510	NaN
751.619263	NaN
765.041077	NaN
778.462830	NaN
791.884583	NaN
805.306396	NaN
818.728149	NaN
832.149902	NaN
845.571716	NaN
858.993469	NaN
885.836975	NaN
912.680542	NaN
939.524109	NaN
966.367615	NaN
993.211182	NaN
1020.054749	NaN
1046.898315	NaN
1073.741821	NaN
1100.585327	NaN
1127.428955	NaN
1154.272461	NaN
1181.115967	NaN
1207.959595	NaN
1234.803101	NaN
1261.646606	NaN
1288.490234	NaN
1315.333740	NaN
1342.177246	NaN
1369.020874	NaN
1395.864380	NaN
1422.707886	NaN
1449.551514	NaN
1476.395020	NaN
1503.238525	NaN
1530.082153	NaN
1556.925659	NaN
1583.769165	NaN
1610.612793	NaN
1637.456299	NaN
1664.299805	NaN
1691.143433	NaN
1717.986938	NaN
1771.673950	NaN
1825.361084	NaN
1879.048218	NaN
1932.735229	NaN
1986.422363	NaN
2040.109497	NaN
2093.796631	NaN
2147.483643	NaN
2201.170654	NaN
2254.857910	NaN
2308.544922	NaN
2362.231934	NaN
2415.919189	NaN
2469.606201	NaN
2523.293213	NaN
2576.980469	NaN
2630.667480	NaN
2684.354492	NaN
2738.041748	NaN
2791.728760	NaN
2845.415771	NaN
2899.103027	NaN
2952.790039	NaN
3006.477051	NaN
3060.164307	NaN
3113.851318	NaN
3167.538330	NaN
3221.225586	NaN
3274.912598	NaN
3328.599609	NaN
3382.286865	NaN
3435.973877	NaN
0.000000	NaN
0.000000	NaN
0.000000	NaN
0.000000	NaN
0.000000	NaN
0.000000	NaN
0.000000	NaN
0.000000	NaN
0.000000	NaN
0.000000	NaN
0.000000	NaN
0.000000	NaN
0.000000	NaN
0.000000	NaN
0.000000	NaN
0.000000	NaN
0.000000	NaN
0.000000	NaN
0.000000	NaN
0.000000	NaN
0.000000	NaN
0.000000	NaN
0.000000	NaN
0.000000	NaN
0.000000	NaN
0.000000	NaN
0.000000	NaN
0.000000	NaN
0.000000	NaN
0.000000	NaN
0.000000	NaN
0.000000	NaN

Count Rate History (KHz)  CR CHA / CR CHB
0.000000	61.588287	56.304932
0.104858	64.344406	63.171387
0.209715	63.457489	62.093735
0.314573	66.509247	64.411163
0.419430	67.043304	66.013336
0.524288	61.683655	58.498383
0.629146	67.987442	65.622330
0.734003	63.648224	65.183640
0.838861	61.407089	61.359406
0.943718	62.398911	61.578751
1.048576	65.259933	65.059662
1.153434	63.629150	61.168671
1.258291	67.405701	63.982010
1.363149	67.377090	65.202713
1.468006	63.762665	62.332153
1.572864	68.864822	67.119598
1.677722	63.657761	60.825348
1.782579	66.432953	64.373016
1.887437	63.018799	60.777664
1.992294	64.010620	61.540604
2.097152	66.804886	65.383911
2.202010	69.475174	67.520142
2.306867	62.322617	61.492920
2.411725	65.917969	61.922073
2.516582	68.597794	66.242218
2.621440	64.439774	65.116882
2.726298	67.062378	67.749023
2.831155	69.570541	67.539215
2.936013	65.259933	62.065125
3.040870	70.743561	72.059631
3.145728	66.833496	66.442490
3.250586	66.165924	64.325333
3.355443	65.746307	63.877106
3.460301	66.699982	65.040588
3.565158	66.843033	63.991547
3.670016	59.843063	57.020187
3.774874	59.556961	57.601929
3.879731	64.172745	62.437057
3.984589	63.199997	59.728622
4.089446	62.923431	59.432983
4.194304	67.167282	66.289902
4.299162	64.029694	62.885284
4.404019	64.115524	61.683655
4.508877	61.054230	60.062408
4.613734	66.499710	63.333511
4.718592	66.461563	64.287186
4.823450	73.289871	71.945190
4.928307	62.103271	60.768127
5.033165	65.069199	62.808990
5.138022	61.340332	59.728622
5.242880	67.548752	65.135956
5.347738	65.536499	65.193176
5.452595	67.892075	64.592361
5.557453	69.923401	67.625046
5.662310	64.888000	63.476562
5.767168	60.577393	57.039261
5.872026	68.178177	67.052841
5.976883	64.353943	61.626434
6.081741	62.818527	61.264038
6.186598	64.878464	61.206818
6.291456	56.724548	55.589676
6.396314	62.637329	59.623718
6.501171	63.858032	62.570572
6.606029	69.208145	65.479279
6.710886	65.488815	66.413879
6.815744	66.976547	66.089630
6.920602	60.844421	56.829453
7.025459	64.401627	63.591003
7.130317	62.999725	60.720444
7.235174	68.855286	68.092346
7.340032	65.670013	63.247681
7.444890	68.378448	70.056915
7.549747	63.037872	62.627792
7.654605	65.584183	64.144135
7.759462	59.700012	57.554245
7.864320	64.268112	63.076019
7.969178	66.738129	65.078735
8.074035	62.866211	60.033798
8.178893	60.539246	62.303543
8.283750	68.655014	65.364838
8.388608	66.118240	66.738129
8.493466	68.788528	64.849854
8.598323	57.878494	54.616928
8.703181	65.279007	64.659119
8.808038	69.513321	68.578720
8.912896	68.664551	64.945221
9.017754	66.537857	63.514709
9.122611	64.611435	60.987473
9.227469	63.486099	62.074661
9.332326	65.383911	61.721802
9.437184	61.168671	59.690475
9.542042	64.897537	60.100555
9.646899	62.398911	60.186386
9.751757	68.540573	66.509247
9.856614	61.731339	60.634613
9.961472	62.780380	60.243607
10.066330	65.908432	63.314438
10.171187	64.086914	62.789917
10.276045	73.146820	70.724487
10.380902	64.392090	62.456131
10.485760	68.588257	68.168640
10.590618	67.510605	65.774918
10.695475	63.199997	60.682297
10.800333	62.017441	59.595108
10.905190	65.631866	63.610077
11.010048	63.362122	59.852600
11.114906	64.802170	62.875748
11.219763	62.456131	60.415268
11.324621	68.607330	66.862106
11.429478	63.447952	62.065125
11.534336	67.224503	66.442490
11.639194	61.788559	59.175491
11.744051	70.896149	68.492889
11.848909	63.562393	63.219070
11.953766	66.547394	63.972473
12.058624	71.287155	66.881180
12.163482	68.674088	65.679550
12.268339	64.239502	61.674118
12.373197	62.360764	59.862137
12.478054	65.212250	63.352585
12.582912	67.939758	66.690445
12.687770	64.964294	63.314438
12.792627	65.393448	63.209534
12.897485	61.016083	59.976578
13.002342	60.901642	60.224533
13.107200	57.973862	55.179596
13.212058	70.486069	69.160461
13.316915	64.268112	63.953400
13.421773	62.408447	61.864853
13.526630	72.126389	70.972443
13.631488	62.170029	59.947968
13.736346	61.273575	58.202744
13.841203	62.446594	60.043335
13.946061	61.111450	57.687759
14.050918	63.705444	62.942505
14.155776	69.646835	67.367554
14.260634	65.479279	62.408447
14.365491	68.635941	70.066452
14.470349	65.994263	64.353943
14.575206	66.366196	62.265396
14.680064	58.107376	55.599213
14.784922	62.875748	61.016083
14.889779	65.221786	64.220428
14.994637	62.875748	63.047409
15.099494	63.514709	59.375763
15.204352	60.567856	59.747696
15.309210	59.137344	56.409836
15.414067	66.099167	65.221786
15.518925	66.652298	65.336227
15.623782	62.980652	62.417984
15.728640	63.982010	59.909821
15.833498	67.033768	67.453384
15.938355	65.822601	64.783096
16.043213	68.874359	68.454742
16.148070	61.626434	58.984756
16.252928	64.640045	64.868927
16.357786	67.977905	66.833496
16.462643	65.822601	63.257217
16.567501	70.314407	69.828033
16.672358	61.292648	60.787201
16.777216	61.502457	59.652328
16.882074	65.488815	61.969757
16.986931	60.176849	56.953430
17.091789	61.063766	59.995651
17.196646	66.833496	66.289902
17.301504	60.071945	58.088303
17.406362	61.559677	59.623718
17.511219	68.635941	68.874359
17.616077	78.020096	78.449249
17.720934	84.466934	87.881088
17.825792	62.980652	59.537888
17.930650	68.626404	66.833496
18.035507	65.631866	62.828064
18.140365	63.962936	62.417984
18.245222	68.845749	64.611435
18.350080	66.585541	65.765381
18.454938	62.408447	59.795380
18.559795	65.889359	61.559677
18.664653	63.419342	60.901642
18.769510	65.975189	64.563751
18.874368	66.261292	63.705444
18.979226	64.601898	62.942505
19.084083	64.487457	58.269501
19.188941	63.600540	62.093735
19.293798	64.249039	62.341690
19.398656	67.358017	65.917969
19.503514	65.937042	63.247681
19.608371	64.535141	62.284470
19.713229	69.131851	66.986084
