1/9/2026	1:14 PM
Pseudo Cross Correlation
Scattering angle:	40.0
Duration (s):	20
Wavelength (nm):	632.8
Refractive index:	1.330
Viscosity (mPas):	0.712
Temperature (K):	308.6
Laser intensity (mW):	2.653294
Average Count rate  A (kHz):	75.5
Average Count rate  B (kHz):	75.0
Intercept:	0.8948
Cumulant 1st	315.08
Cumulant 2nd	133.23	60.37
Cumulant 3rd	89.08	48.69

Lag time (s)         g2-1
1.250000E-8	0.987037
2.500000E-8	0.858727
3.750000E-8	0.996253
5.000000E-8	0.935997
6.250000E-8	0.943086
7.500000E-8	0.931035
8.750000E-8	0.985620
1.000000E-7	0.973568
1.125000E-7	0.930326
1.250000E-7	1.010431
1.375000E-7	0.902679
1.500000E-7	1.022482
1.625000E-7	0.982075
1.750000E-7	0.928908
1.875000E-7	0.935288
2.000000E-7	0.955137
2.125000E-7	0.859436
2.250000E-7	0.950884
2.375000E-7	0.987746
2.500000E-7	0.950175
2.625000E-7	0.982784
2.750000E-7	0.892045
2.875000E-7	0.917566
3.000000E-7	0.972860
3.125000E-7	0.937415
3.250000E-7	0.939541
3.375000E-7	0.907641
3.500000E-7	0.975695
3.625000E-7	0.916148
3.750000E-7	0.882121
3.875000E-7	0.977113
4.000000E-7	0.950175
4.125000E-7	0.992000
4.250000E-7	0.938124
4.375000E-7	0.903388
4.500000E-7	0.987037
4.625000E-7	0.934579
4.750000E-7	0.985620
4.875000E-7	0.942377
5.000000E-7	0.947339
5.125000E-7	0.898425
5.250000E-7	0.935288
5.375000E-7	0.887083
5.500000E-7	1.008304
5.625000E-7	0.982784
5.750000E-7	0.911186
5.875000E-7	0.992709
6.000000E-7	0.965062
6.125000E-7	0.937415
6.250000E-7	0.948757
6.375000E-7	0.962935
6.500000E-7	0.948048
6.625000E-7	1.019647
6.750000E-7	0.991291
6.875000E-7	0.970024
7.000000E-7	0.994835
7.125000E-7	0.906932
7.250000E-7	0.931035
7.375000E-7	0.961517
7.500000E-7	0.939541
7.625000E-7	0.897716
7.750000E-7	0.906932
7.875000E-7	0.954428
8.000000E-7	1.009722
8.250000E-7	0.990936
8.500000E-7	0.995899
8.750000E-7	0.935288
9.000000E-7	0.957973
9.250000E-7	0.922882
9.500000E-7	0.972860
9.750000E-7	0.994126
1.000000E-6	0.956909
1.025000E-6	0.950884
1.050000E-6	0.975695
1.075000E-6	0.961517
1.100000E-6	0.957264
1.125000E-6	0.945921
1.150000E-6	0.912249
1.175000E-6	0.925718
1.200000E-6	0.959745
1.225000E-6	0.943086
1.250000E-6	0.958682
1.275000E-6	0.929971
1.300000E-6	0.951947
1.325000E-6	0.925009
1.350000E-6	0.957618
1.375000E-6	0.926427
1.400000E-6	0.915439
1.425000E-6	0.936706
1.450000E-6	0.968606
1.475000E-6	0.962935
1.500000E-6	0.977113
1.525000E-6	0.990228
1.550000E-6	0.982075
1.575000E-6	0.938832
1.600000E-6	0.955492
1.650000E-6	0.947339
1.700000E-6	0.921642
1.750000E-6	0.956732
1.800000E-6	0.951770
1.850000E-6	0.929262
1.900000E-6	0.952124
1.950000E-6	0.960099
2.000000E-6	0.972328
2.050000E-6	0.971973
2.100000E-6	0.945567
2.150000E-6	0.960631
2.200000E-6	0.948934
2.250000E-6	0.957087
2.300000E-6	0.976758
2.350000E-6	0.933161
2.400000E-6	0.966302
2.450000E-6	0.956555
2.500000E-6	0.949643
2.550000E-6	0.967011
2.600000E-6	0.972505
2.650000E-6	0.945921
2.700000E-6	0.955669
2.750000E-6	0.995544
2.800000E-6	0.915793
2.850000E-6	0.947517
2.900000E-6	0.959745
2.950000E-6	0.968075
3.000000E-6	0.941491
3.050000E-6	0.984025
3.100000E-6	0.934934
3.150000E-6	0.989873
3.200000E-6	0.943263
3.300000E-6	0.954783
3.400000E-6	0.947339
3.500000E-6	0.945478
3.600000E-6	0.955137
3.700000E-6	0.961960
3.800000E-6	0.970910
3.900000E-6	0.953897
4.000000E-6	0.949023
4.100000E-6	0.941579
4.200000E-6	0.981366
4.300000E-6	0.947960
4.400000E-6	0.962669
4.500000E-6	0.951061
4.600000E-6	0.977822
4.700000E-6	0.946808
4.800000E-6	0.951327
4.900000E-6	0.957087
5.000000E-6	0.972416
5.100000E-6	0.930857
5.200000E-6	0.970821
5.300000E-6	0.960720
5.400000E-6	0.959302
5.500000E-6	0.924034
5.600000E-6	0.941225
5.700000E-6	0.953365
5.800000E-6	0.954694
5.900000E-6	0.957618
6.000000E-6	0.976936
6.100000E-6	0.962581
6.200000E-6	0.935377
6.300000E-6	0.955049
6.400000E-6	0.951238
6.600000E-6	0.952080
6.800000E-6	0.948447
7.000000E-6	0.963644
7.200000E-6	0.963821
7.400000E-6	0.956068
7.600000E-6	0.960099
7.800000E-6	0.969492
8.000000E-6	0.947029
8.200000E-6	0.954916
8.400000E-6	0.957352
8.600000E-6	0.950219
8.800000E-6	0.938655
9.000000E-6	0.954162
9.200000E-6	0.956200
9.400000E-6	0.951947
9.600000E-6	0.958017
9.800000E-6	0.941535
1.000000E-5	0.950574
1.020000E-5	0.936396
1.040000E-5	0.953542
1.060000E-5	0.945390
1.080000E-5	0.929528
1.100000E-5	0.956821
1.120000E-5	0.947517
1.140000E-5	0.933737
1.160000E-5	0.938965
1.180000E-5	0.931522
1.200000E-5	0.953321
1.220000E-5	0.948403
1.240000E-5	0.944415
1.260000E-5	0.951371
1.280000E-5	0.933915
1.320000E-5	0.938168
1.360000E-5	0.948004
1.400000E-5	0.949067
1.440000E-5	0.946896
1.480000E-5	0.951836
1.520000E-5	0.949754
1.560000E-5	0.941136
1.600000E-5	0.947539
1.640000E-5	0.939962
1.680000E-5	0.942266
1.720000E-5	0.954162
1.760000E-5	0.941026
1.800000E-5	0.946564
1.840000E-5	0.941380
1.880000E-5	0.954074
1.920000E-5	0.956311
1.960000E-5	0.943108
2.000000E-5	0.944171
2.040000E-5	0.942532
2.080000E-5	0.942842
2.120000E-5	0.950839
2.160000E-5	0.951526
2.200000E-5	0.949776
2.240000E-5	0.943152
2.280000E-5	0.937282
2.320000E-5	0.941114
2.360000E-5	0.944836
2.400000E-5	0.941712
2.440000E-5	0.947162
2.480000E-5	0.945190
2.520000E-5	0.945235
2.560000E-5	0.948979
2.640000E-5	0.934313
2.720000E-5	0.940206
2.800000E-5	0.939929
2.880000E-5	0.935919
2.960000E-5	0.941591
3.040000E-5	0.939353
3.120000E-5	0.931588
3.200000E-5	0.941413
3.280000E-5	0.922351
3.360000E-5	0.932187
3.440000E-5	0.935831
3.520000E-5	0.943961
3.600000E-5	0.938799
3.680000E-5	0.927712
3.760000E-5	0.941967
3.840000E-5	0.935377
3.920000E-5	0.935764
4.000000E-5	0.920490
4.080000E-5	0.935166
4.160000E-5	0.931223
4.240000E-5	0.934878
4.320000E-5	0.930957
4.400000E-5	0.927822
4.480000E-5	0.918862
4.560000E-5	0.936639
4.640000E-5	0.924854
4.720000E-5	0.926859
4.800000E-5	0.927291
4.880000E-5	0.930337
4.960000E-5	0.922738
5.040000E-5	0.924411
5.120000E-5	0.928432
5.280000E-5	0.927153
5.440000E-5	0.922583
5.600000E-5	0.925297
5.760000E-5	0.918922
5.920000E-5	0.918118
6.080000E-5	0.919359
6.240000E-5	0.912461
6.400000E-5	0.920420
6.560000E-5	0.916559
6.720000E-5	0.915313
6.880000E-5	0.912206
7.040000E-5	0.914360
7.200000E-5	0.918410
7.360000E-5	0.915225
7.520000E-5	0.909458
7.680000E-5	0.908279
7.840000E-5	0.906083
8.000000E-5	0.907889
8.160000E-5	0.905657
8.320000E-5	0.904233
8.480000E-5	0.907834
8.640000E-5	0.909235
8.800000E-5	0.906664
8.960000E-5	0.904642
9.120000E-5	0.896715
9.280000E-5	0.900061
9.440000E-5	0.899513
9.600000E-5	0.899982
9.760000E-5	0.897623
9.920000E-5	0.897749
0.000101	0.893173
0.000102	0.894220
0.000106	0.891618
0.000109	0.894853
0.000112	0.889580
0.000115	0.889783
0.000118	0.890838
0.000122	0.885156
0.000125	0.885137
0.000128	0.881598
0.000131	0.873557
0.000134	0.875848
0.000138	0.874662
0.000141	0.876717
0.000144	0.873637
0.000147	0.867576
0.000150	0.872148
0.000154	0.868649
0.000157	0.864012
0.000160	0.859513
0.000163	0.861980
0.000166	0.855429
0.000170	0.856726
0.000173	0.855688
0.000176	0.853788
0.000179	0.848728
0.000182	0.852308
0.000186	0.849048
0.000189	0.848914
0.000192	0.843118
0.000195	0.841573
0.000198	0.839529
0.000202	0.839759
0.000205	0.836396
0.000211	0.833656
0.000218	0.829399
0.000224	0.826010
0.000230	0.819756
0.000237	0.819706
0.000243	0.815683
0.000250	0.813650
0.000256	0.805634
0.000262	0.805455
0.000269	0.801225
0.000275	0.795558
0.000282	0.790990
0.000288	0.789055
0.000294	0.786517
0.000301	0.781415
0.000307	0.780934
0.000314	0.775617
0.000320	0.773592
0.000326	0.770508
0.000333	0.767349
0.000339	0.765219
0.000346	0.757583
0.000352	0.755188
0.000358	0.754763
0.000365	0.746523
0.000371	0.745713
0.000378	0.740337
0.000384	0.739464
0.000390	0.734563
0.000397	0.731205
0.000403	0.729050
0.000410	0.725172
0.000422	0.719741
0.000435	0.713120
0.000448	0.705826
0.000461	0.699545
0.000474	0.694033
0.000486	0.689949
0.000499	0.682309
0.000512	0.676288
0.000525	0.670018
0.000538	0.663848
0.000550	0.659623
0.000563	0.654624
0.000576	0.647670
0.000589	0.642923
0.000602	0.637688
0.000614	0.632009
0.000627	0.630606
0.000640	0.622652
0.000653	0.618307
0.000666	0.613150
0.000678	0.608139
0.000691	0.602447
0.000704	0.597186
0.000717	0.595889
0.000730	0.589608
0.000742	0.585344
0.000755	0.581257
0.000768	0.574690
0.000781	0.572874
0.000794	0.569042
0.000806	0.565197
0.000819	0.560825
0.000845	0.552597
0.000870	0.545237
0.000896	0.535947
0.000922	0.531255
0.000947	0.523782
0.000973	0.515757
0.000998	0.510296
0.001024	0.503248
0.001050	0.496592
0.001075	0.490125
0.001101	0.484090
0.001126	0.478327
0.001152	0.472146
0.001178	0.465994
0.001203	0.461617
0.001229	0.454855
0.001254	0.450292
0.001280	0.444791
0.001306	0.439773
0.001331	0.434720
0.001357	0.431253
0.001382	0.425875
0.001408	0.421730
0.001434	0.415945
0.001459	0.413762
0.001485	0.408397
0.001510	0.405801
0.001536	0.401606
0.001562	0.398134
0.001587	0.395098
0.001613	0.390913
0.001638	0.388306
0.001690	0.379764
0.001741	0.373773
0.001792	0.367371
0.001843	0.361441
0.001894	0.355884
0.001946	0.349739
0.001997	0.343532
0.002048	0.338846
0.002099	0.332305
0.002150	0.326728
0.002202	0.321520
0.002253	0.315016
0.002304	0.310166
0.002355	0.304168
0.002406	0.299043
0.002458	0.293124
0.002509	0.286512
0.002560	0.281697
0.002611	0.275601
0.002662	0.269183
0.002714	0.264812
0.002765	0.259217
0.002816	0.253612
0.002867	0.248421
0.002918	0.244280
0.002970	0.239856
0.003021	0.234671
0.003072	0.230572
0.003123	0.227219
0.003174	0.223388
0.003226	0.220363
0.003277	0.217466
0.003379	0.212478
0.003482	0.208515
0.003584	0.205514
0.003686	0.202689
0.003789	0.200728
0.003891	0.198417
0.003994	0.196042
0.004096	0.194162
0.004198	0.191559
0.004301	0.189236
0.004403	0.186155
0.004506	0.181665
0.004608	0.177610
0.004710	0.173050
0.004813	0.168491
0.004915	0.162969
0.005018	0.158733
0.005120	0.154109
0.005222	0.148497
0.005325	0.144858
0.005427	0.142020
0.005530	0.139538
0.005632	0.138361
0.005734	0.136599
0.005837	0.135400
0.005939	0.134402
0.006042	0.134618
0.006144	0.134043
0.006246	0.133581
0.006349	0.133757
0.006451	0.133138
0.006554	0.132161
0.006758	0.129157
0.006963	0.125113
0.007168	0.122193
0.007373	0.120077
0.007578	0.118963
0.007782	0.118948
0.007987	0.120525
0.008192	0.122781
0.008397	0.125858
0.008602	0.127086
0.008806	0.127485
0.009011	0.127208
0.009216	0.125958
0.009421	0.123244
0.009626	0.120863
0.009830	0.120259
0.010035	0.118829
0.010240	0.119105
0.010445	0.122425
0.010650	0.124327
0.010854	0.125004
0.011059	0.124082
0.011264	0.121000
0.011469	0.116743
0.011674	0.113052
0.011878	0.110753
0.012083	0.110150
0.012288	0.111999
0.012493	0.114285
0.012698	0.116103
0.012902	0.118329
0.013107	0.119244
0.013517	0.114525
0.013926	0.108679
0.014336	0.104836
0.014746	0.106716
0.015155	0.111188
0.015565	0.111406
0.015974	0.109750
0.016384	0.107936
0.016794	0.109950
0.017203	0.113285
0.017613	0.112583
0.018022	0.108485
0.018432	0.101632
0.018842	0.098490
0.019251	0.099728
0.019661	0.101061
0.020070	0.099433
0.020480	0.095508
0.020890	0.091812
0.021299	0.090587
0.021709	0.093342
0.022118	0.092706
0.022528	0.092079
0.022938	0.091954
0.023347	0.091891
0.023757	0.093589
0.024166	0.092969
0.024576	0.092659
0.024986	0.091091
0.025395	0.089913
0.025805	0.088774
0.026214	0.088605
0.027034	0.084416
0.027853	0.077684
0.028672	0.077898
0.029491	0.076493
0.030310	0.079109
0.031130	0.086411
0.031949	0.087881
0.032768	0.085280
0.033587	0.087786
0.034406	0.083962
0.035226	0.078247
0.036045	0.067346
0.036864	0.069326
0.037683	0.073944
0.038502	0.073121
0.039322	0.084147
0.040141	0.087174
0.040960	0.088605
0.041779	0.083125
0.042598	0.074355
0.043418	0.071733
0.044237	0.071546
0.045056	0.071294
0.045875	0.076318
0.046694	0.077534
0.047514	0.073806
0.048333	0.072037
0.049152	0.075441
0.049971	0.078131
0.050790	0.076372
0.051610	0.074120
0.052429	0.076933
0.054067	0.081660
0.055706	0.082817
0.057344	0.083288
0.058982	0.083083
0.060621	0.073974
0.062259	0.072962
0.063898	0.072712
0.065536	0.078097
0.067174	0.080224
0.068813	0.071440
0.070451	0.061049
0.072090	0.056894
0.073728	0.052119
0.075366	0.051357
0.077005	0.054843
0.078643	0.061402
0.080282	0.061732
0.081920	0.060134
0.083558	0.059440
0.085197	0.057746
0.086835	0.055262
0.088474	0.055948
0.090112	0.054965
0.091750	0.058072
0.093389	0.057999
0.095027	0.053036
0.096666	0.052168
0.098304	0.053188
0.099942	0.056240
0.101581	0.054765
0.103219	0.055818
0.104858	0.053869
0.108134	0.054707
0.111411	0.042369
0.114688	0.036870
0.117965	0.031395
0.121242	0.038672
0.124518	0.025167
0.127795	0.016916
0.131072	0.024082
0.134349	0.026940
0.137626	0.021822
0.140902	0.020959
0.144179	0.023877
0.147456	0.020878
0.150733	0.027155
0.154010	0.018984
0.157286	0.018992
0.160563	0.018229
0.163840	0.022988
0.167117	0.013273
0.170394	0.012155
0.173670	0.003978
0.176947	-0.001881
0.180224	0.003427
0.183501	0.002936
0.186778	0.005128
0.190054	0.003141
0.193331	-0.003924
0.196608	-0.006222
0.199885	-0.002735
0.203162	0.007053
0.206438	0.004863
0.209715	0.012444
0.216269	0.005139
0.222822	0.007677
0.229376	-0.003445
0.235930	-0.008835
0.242483	-0.013568
0.249037	-0.005456
0.255590	-0.010077
0.262144	-0.020276
0.268698	-0.000761
0.275251	-0.011760
0.281805	-0.004051
0.288358	-0.001246
0.294912	-0.012978
0.301466	-0.008271
0.308019	-0.009581
0.314573	-0.007494
0.321126	-0.003835
0.327680	-0.004665
0.334234	-0.009954
0.340787	-0.008115
0.347341	-0.002429
0.353894	-0.007873
0.360448	0.002350
0.367002	-0.003412
0.373555	0.000572
0.380109	-0.000588
0.386662	-0.000983
0.393216	-0.002853
0.399770	0.000589
0.406323	-0.002287
0.412877	0.003123
0.419430	-0.002913
0.432538	-0.000926
0.445645	-0.003486
0.458752	0.001879
0.471859	0.003293
0.484966	0.000436
0.498074	-0.001341
0.511181	-0.008723
0.524288	-0.004323
0.537395	-0.007106
0.550502	-0.013457
0.563610	-0.012560
0.576717	-0.006616
0.589824	-0.000592
0.602931	0.005683
0.616038	-0.015452
0.629146	-0.016726
0.642253	-0.006354
0.655360	-0.016172
0.668467	-0.008264
0.681574	-0.001871
0.694682	-0.009416
0.707789	-0.010298
0.720896	-0.006171
0.734003	1.124855E-5
0.747110	0.006246
0.760218	0.005213
0.773325	-0.001242
0.786432	0.002515
0.799539	-0.000648
0.812646	0.006619
0.825754	-0.001690
0.838861	0.006720
0.865075	0.008388
0.891290	0.008433
0.917504	0.002276
0.943718	0.000948
0.969933	0.004570
0.996147	0.002908
1.022362	-0.003121
1.048576	-0.002450
1.074790	-0.003417
1.101005	-0.009286
1.127219	-0.006080
1.153434	-0.008957
1.179648	-0.013751
1.205862	-0.020837
1.232077	-0.015744
1.258291	-0.018025
1.284506	-0.016333
1.310720	-0.018408
1.336934	-0.019335
1.363149	-0.016710
1.389363	-0.015005
1.415578	-0.015218
1.441792	-0.008859
1.468006	-0.014692
1.494221	-0.009047
1.520435	-0.011293
1.546650	-0.007032
1.572864	-0.005133
1.599078	-0.000994
1.625293	-0.000289
1.651507	-0.003396
1.677722	0.000317
1.730150	-0.000331
1.782579	0.007755
1.835008	0.009760
1.887437	0.012059
1.939866	0.017844
1.992294	0.022441
2.044723	0.013719
2.097152	0.012089
2.149581	-0.002313
2.202010	0.005982
2.254438	0.002487
2.306867	-0.009315
2.359296	-0.013861
2.411725	-0.006527
2.464154	-0.007415
2.516582	-0.004162
2.569011	0.005775
2.621440	0.000747
2.673869	-0.000173
2.726298	0.005601
2.778726	0.002174
2.831155	0.001483
2.883584	-0.003582
2.936013	-0.002740
2.988442	-0.000745
3.040870	0.002442
3.093299	0.003215
3.145728	-0.010942
3.198157	-0.014323
3.250586	-0.010200
3.303015	-0.011610
3.355443	-0.012091
3.460301	-0.016140
3.565158	-0.017321
3.670016	-0.008527
3.774873	0.001443
3.879731	-0.006573
3.984589	0.006426
4.089447	0.018000
4.194304	0.005063
4.299161	-0.012484
4.404019	-0.016811
4.508877	-0.009091
4.613734	0.006369
4.718592	0.015609
4.823450	0.039198
4.928307	0.038065
5.033165	0.028795
5.138022	0.003499
5.242880	-0.001594
5.347738	0.002044
5.452595	-0.003656
5.557453	-0.010553
5.662311	-0.000220
5.767168	0.011053
5.872025	0.003407
5.976883	-0.018552
6.081741	-0.009598
6.186598	-0.003052
6.291456	-0.017821
6.396314	-0.019402
6.501171	-0.018130
6.606029	7.053927E-5
6.710886	0.012229
6.920601	0.001032
7.130317	0.002234
7.340032	-0.004036
7.549747	0.000623
7.759462	-0.006233
7.969178	-0.005841
8.178893	-0.007346
8.388608	-0.026588
8.598323	-0.020341
8.808039	-0.002915
9.017754	0.001842
9.227468	0.003230
9.437184	0.000555
9.646899	0.010149
9.856614	0.016558
10.066330	0.006455
10.276045	-0.001253
10.485760	-0.007106
10.695476	0.003115
10.905190	-0.005762
11.114905	-0.006931
11.324621	-0.002606
11.534336	-0.002468
11.744051	0.000148
11.953767	0.004507
12.163482	0.003022
12.373197	0.005003
12.582912	-0.007118
12.792627	0.004068
13.002342	0.002119
13.212058	-0.007546
13.421773	-0.011971
13.841203	-0.005345
14.260633	0.001367
14.680064	0.002145
15.099494	0.004703
15.518925	0.001263
15.938355	0.000448
16.357786	0.001917
16.777216	0.003288
17.196646	0.006014
17.616077	0.004343
18.035507	0.000127
18.454937	-0.000722
18.874369	0.000647
19.293798	0.000000
19.713228	NaN
20.132660	NaN
20.552090	NaN
20.971519	NaN
21.390951	NaN
21.810381	NaN
22.229811	NaN
22.649242	NaN
23.068672	NaN
23.488102	NaN
23.907534	NaN
24.326963	NaN
24.746393	NaN
25.165825	NaN
25.585255	NaN
26.004684	NaN
26.424116	NaN
26.843546	NaN
27.682405	NaN
28.521267	NaN
29.360128	NaN
30.198988	NaN
31.037849	NaN
31.876711	NaN
32.715572	NaN
33.554432	NaN
34.393291	NaN
35.232155	NaN
36.071014	NaN
36.909874	NaN
37.748737	NaN
38.587597	NaN
39.426456	NaN
40.265320	NaN
41.104179	NaN
41.943039	NaN
42.781902	NaN
43.620762	NaN
44.459621	NaN
45.298485	NaN
46.137344	NaN
46.976204	NaN
47.815067	NaN
48.653927	NaN
49.492786	NaN
50.331650	NaN
51.170509	NaN
52.009369	NaN
52.848232	NaN
53.687092	NaN
55.364811	NaN
57.042534	NaN
58.720257	NaN
60.397976	NaN
62.075699	NaN
63.753422	NaN
65.431145	NaN
67.108864	NaN
68.786583	NaN
70.464310	NaN
72.142029	NaN
73.819748	NaN
75.497475	NaN
77.175194	NaN
78.852913	NaN
80.530640	NaN
82.208359	NaN
83.886078	NaN
85.563805	NaN
87.241524	NaN
88.919243	NaN
90.596970	NaN
92.274689	NaN
93.952408	NaN
95.630135	NaN
97.307854	NaN
98.985573	NaN
100.663300	NaN
102.341019	NaN
104.018738	NaN
105.696465	NaN
107.374184	NaN
110.729622	NaN
114.085068	NaN
117.440514	NaN
120.795952	NaN
124.151398	NaN
127.506844	NaN
130.862289	NaN
134.217728	NaN
137.573166	NaN
140.928619	NaN
144.284058	NaN
147.639496	NaN
150.994949	NaN
154.350388	NaN
157.705826	NaN
161.061279	NaN
164.416718	NaN
167.772156	NaN
171.127609	NaN
174.483047	NaN
177.838486	NaN
181.193939	NaN
184.549377	NaN
187.904816	NaN
191.260269	NaN
194.615707	NaN
197.971146	NaN
201.326599	NaN
204.682037	NaN
208.037476	NaN
211.392929	NaN
214.748367	NaN
221.459244	NaN
228.170135	NaN
234.881027	NaN
241.591904	NaN
248.302795	NaN
255.013687	NaN
261.724579	NaN
268.435455	NaN
275.146332	NaN
281.857239	NaN
288.568115	NaN
295.278992	NaN
301.989899	NaN
308.700775	NaN
315.411652	NaN
322.122559	NaN
328.833435	NaN
335.544312	NaN
342.255219	NaN
348.966095	NaN
355.676971	NaN
362.387878	NaN
369.098755	NaN
375.809631	NaN
382.520538	NaN
389.231415	NaN
395.942291	NaN
402.653198	NaN
409.364075	NaN
416.074951	NaN
422.785858	NaN
429.496735	NaN
442.918488	NaN
456.340271	NaN
469.762054	NaN
483.183807	NaN
496.605591	NaN
510.027374	NaN
523.449158	NaN
536.870911	NaN
550.292664	NaN
563.714478	NaN
577.136230	NaN
590.557983	NaN
603.979797	NaN
617.401550	NaN
630.823303	NaN
644.245117	NaN
657.666870	NaN
671.088623	NaN
684.510437	NaN
697.932190	NaN
711.353943	NaN
724.775757	NaN
738.197510	NaN
751.619263	NaN
765.041077	NaN
778.462830	NaN
791.884583	NaN
805.306396	NaN
818.728149	NaN
832.149902	NaN
845.571716	NaN
858.993469	NaN
885.836975	NaN
912.680542	NaN
939.524109	NaN
966.367615	NaN
993.211182	NaN
1020.054749	NaN
1046.898315	NaN
1073.741821	NaN
1100.585327	NaN
1127.428955	NaN
1154.272461	NaN
1181.115967	NaN
1207.959595	NaN
1234.803101	NaN
1261.646606	NaN
1288.490234	NaN
1315.333740	NaN
1342.177246	NaN
1369.020874	NaN
1395.864380	NaN
1422.707886	NaN
1449.551514	NaN
1476.395020	NaN
1503.238525	NaN
1530.082153	NaN
1556.925659	NaN
1583.769165	NaN
1610.612793	NaN
1637.456299	NaN
1664.299805	NaN
1691.143433	NaN
1717.986938	NaN
1771.673950	NaN
1825.361084	NaN
1879.048218	NaN
1932.735229	NaN
1986.422363	NaN
2040.109497	NaN
2093.796631	NaN
2147.483643	NaN
2201.170654	NaN
2254.857910	NaN
2308.544922	NaN
2362.231934	NaN
2415.919189	NaN
2469.606201	NaN
2523.293213	NaN
2576.980469	NaN
2630.667480	NaN
2684.354492	NaN
2738.041748	NaN
2791.728760	NaN
2845.415771	NaN
2899.103027	NaN
2952.790039	NaN
3006.477051	NaN
3060.164307	NaN
3113.851318	NaN
3167.538330	NaN
3221.225586	NaN
3274.912598	NaN
3328.599609	NaN
3382.286865	NaN
3435.973877	NaN
0.000000	NaN
0.000000	NaN
0.000000	NaN
0.000000	NaN
0.000000	NaN
0.000000	NaN
0.000000	NaN
0.000000	NaN
0.000000	NaN
0.000000	NaN
0.000000	NaN
0.000000	NaN
0.000000	NaN
0.000000	NaN
0.000000	NaN
0.000000	NaN
0.000000	NaN
0.000000	NaN
0.000000	NaN
0.000000	NaN
0.000000	NaN
0.000000	NaN
0.000000	NaN
0.000000	NaN
0.000000	NaN
0.000000	NaN
0.000000	NaN
0.000000	NaN
0.000000	NaN
0.000000	NaN
0.000000	NaN
0.000000	NaN

Count Rate History (KHz)  CR CHA / CR CHB
0.000000	74.729919	72.326660
0.104858	47.273636	46.625137
0.209715	66.776276	67.148209
0.314573	78.458786	75.654984
0.419430	75.960159	76.313019
0.524288	80.738068	79.498291
0.629146	49.209595	49.047470
0.734003	45.127869	41.933060
0.838861	54.693222	51.126480
0.943718	58.612823	57.744980
1.048576	71.630478	75.893402
1.153434	93.526840	90.808868
1.258291	62.637329	64.620972
1.363149	81.214905	77.390671
1.468006	50.449371	48.313141
1.572864	99.992752	102.214813
1.677722	77.838898	78.058243
1.782579	89.302063	90.169907
1.887437	96.244812	97.007751
1.992294	63.562393	66.461563
2.097152	86.727142	82.254410
2.202010	72.383881	73.823929
2.306867	63.562393	61.740875
2.411725	69.799423	67.672729
2.516582	78.010559	74.014664
2.621440	54.702759	53.462982
2.726298	62.580109	59.137344
2.831155	61.168671	59.099197
2.936013	70.743561	68.998337
3.040870	75.607300	76.951981
3.145728	76.522827	85.344315
3.250586	72.202682	63.562393
3.355443	89.998245	91.590881
3.460301	82.006454	79.574585
3.565158	75.845718	74.548721
3.670016	53.396225	51.593781
3.774874	63.323975	60.653687
3.879731	63.114166	63.419342
3.984589	78.697205	79.250336
4.089446	74.510574	72.917938
4.194304	116.386414	117.607117
4.299162	101.451874	106.897354
4.404019	95.109940	91.028214
4.508877	95.930099	96.607208
4.613734	77.590942	76.284409
4.718592	56.209564	53.024292
4.823450	62.704086	60.052872
4.928307	59.947968	57.373047
5.033165	76.951981	77.056885
5.138022	116.243362	118.417740
5.242880	58.650970	57.582855
5.347738	81.233978	79.364777
5.452595	95.119476	94.671249
5.557453	63.610077	60.768127
5.662310	57.096481	57.487488
5.767168	69.503784	68.340302
5.872026	79.469681	79.984665
5.976883	45.824051	45.681000
6.081741	62.589645	56.591034
6.186598	93.297958	95.024109
6.291456	53.119659	50.687790
6.396314	70.133209	71.268082
6.501171	77.152252	78.058243
6.606029	79.269409	75.082779
6.710886	59.289932	57.649612
6.815744	67.501068	67.291260
6.920602	84.571838	85.239410
7.025459	91.085434	88.491440
7.130317	67.596436	68.988800
7.235174	123.538971	127.210617
7.340032	87.518692	85.153580
7.444890	64.516068	63.190460
7.549747	72.956085	72.927475
7.654605	72.937012	69.274902
7.759462	58.126450	55.217743
7.864320	63.982010	61.922073
7.969178	53.997040	52.289963
8.074035	66.461563	66.976547
8.178893	54.140091	50.067902
8.283750	101.366043	100.946426
8.388608	83.103180	88.939667
8.493466	67.367554	62.007904
8.598323	62.780380	61.988831
8.703181	81.329346	83.236694
8.808038	71.668625	71.411133
8.912896	55.179596	56.362152
9.017754	66.566467	65.994263
9.122611	186.614990	206.832886
9.227469	326.843262	331.687927
9.332326	83.036423	82.387924
9.437184	65.670013	61.035156
9.542042	62.875748	63.314438
9.646899	74.825287	72.479248
9.751757	73.013306	70.800781
9.856614	62.026978	60.205460
9.961472	78.639984	77.810287
10.066330	68.893433	68.683624
10.171187	76.789856	77.886581
10.276045	67.157745	64.487457
10.380902	63.982010	70.390701
10.485760	62.017441	53.520203
10.590618	71.926117	71.725845
10.695475	77.486038	72.059631
10.800333	81.996918	84.476471
10.905190	102.033615	104.236603
11.010048	112.972260	115.900040
11.114906	73.881149	74.176788
11.219763	113.019943	118.484497
11.324621	77.772141	78.840256
11.429478	69.055557	68.655014
11.534336	57.325363	52.366257
11.639194	64.172745	65.460205
11.744051	84.428787	83.665848
11.848909	90.274811	89.149475
11.953766	80.776215	78.926086
12.058624	72.345734	73.270798
12.163482	56.438446	55.236816
12.268339	77.714920	76.227188
12.373197	56.791306	54.721832
12.478054	59.747696	57.420731
12.582912	51.336288	49.180984
12.687770	67.729950	65.183640
12.792627	55.332184	52.270889
12.897485	63.638687	62.732697
13.002342	62.322617	60.758591
13.107200	62.856674	60.443878
13.212058	71.372986	73.146820
13.316915	79.298019	80.461502
13.421773	99.658966	97.827911
13.526630	52.785873	52.442551
13.631488	63.428879	59.242249
13.736346	74.911118	77.838898
13.841203	83.465576	82.683563
13.946061	96.397400	99.258423
14.050918	137.262344	147.399902
14.155776	109.243393	108.957291
14.260634	104.923248	103.378296
14.365491	69.808960	70.409775
14.470349	78.001022	79.441071
14.575206	100.631714	102.386475
14.680064	80.156326	79.975128
14.784922	69.923401	69.723129
14.889779	73.938370	74.472427
14.994637	101.432800	98.075867
15.099494	61.969757	58.488846
15.204352	55.322647	53.071976
15.309210	65.383911	64.840317
15.414067	74.682236	74.863434
15.518925	56.428909	58.927536
15.623782	63.972473	63.037872
15.728640	54.750443	52.566528
15.833498	90.074539	92.172623
15.938355	68.206787	71.725845
16.043213	69.808960	61.922073
16.148070	79.679489	83.913803
16.252928	69.351196	64.697266
16.357786	68.321228	66.833496
16.462643	70.638657	71.372986
16.567501	60.892105	58.450699
16.672358	50.239563	46.854019
16.777216	64.306259	64.640045
16.882074	66.900253	63.915253
16.986931	56.419373	53.634644
17.091789	65.450668	65.011978
17.196646	67.453384	65.488815
17.301504	66.852570	69.751740
17.406362	82.941055	81.148148
17.511219	69.074631	69.513321
17.616077	60.606003	57.344437
17.720934	57.325363	54.416656
17.825792	79.574585	79.669952
17.930650	67.367554	66.270828
18.035507	58.994293	57.983398
18.140365	61.330795	62.398911
18.245222	86.145401	86.669922
18.350080	75.330734	78.649521
18.454938	90.217590	89.359283
18.559795	89.101791	88.062286
18.664653	77.199936	77.362061
18.769510	66.881180	63.467026
18.874368	78.115463	77.552795
18.979226	94.404221	93.603134
19.084083	90.007782	88.768005
19.188941	62.017441	62.160492
19.293798	89.187622	88.129044
19.398656	80.585480	81.443787
19.503514	71.439743	71.125031
19.608371	69.093704	69.580078
19.713229	71.010590	72.069168
19.818086	68.092346	66.356659
