1/9/2026	12:02 PM
Pseudo Cross Correlation
Scattering angle:	80.0
Duration (s):	20
Wavelength (nm):	632.8
Refractive index:	1.330
Viscosity (mPas):	0.741
Temperature (K):	306.6
Laser intensity (mW):	8.498697
Average Count rate  A (kHz):	108.4
Average Count rate  B (kHz):	109.0
Intercept:	0.9095
Cumulant 1st	76.57
Cumulant 2nd	77.59	9.97
Cumulant 3rd	76.72	10.87

Lag time (s)         g2-1
1.250000E-8	0.899500
2.500000E-8	0.874682
3.750000E-8	0.823344
5.000000E-8	0.904940
6.250000E-8	0.884201
7.500000E-8	0.940979
8.750000E-8	0.958658
1.000000E-7	0.921260
1.125000E-7	0.929759
1.250000E-7	0.902560
1.375000E-7	0.889301
1.500000E-7	0.910380
1.625000E-7	0.921940
1.750000E-7	0.886581
1.875000E-7	0.897461
2.000000E-7	0.976677
2.125000E-7	0.893041
2.250000E-7	0.910040
2.375000E-7	0.904600
2.500000E-7	0.921260
2.625000E-7	0.900860
2.750000E-7	0.943019
2.875000E-7	0.884201
3.000000E-7	0.911740
3.125000E-7	0.916840
3.250000E-7	0.895421
3.375000E-7	0.899500
3.500000E-7	0.881821
3.625000E-7	0.887261
3.750000E-7	0.906300
3.875000E-7	0.919560
4.000000E-7	0.896101
4.125000E-7	0.909020
4.250000E-7	0.909020
4.375000E-7	0.903920
4.500000E-7	0.909360
4.625000E-7	0.895761
4.750000E-7	0.955938
4.875000E-7	0.913780
5.000000E-7	0.962058
5.125000E-7	0.933499
5.250000E-7	0.915820
5.375000E-7	0.884541
5.500000E-7	0.891681
5.625000E-7	0.913440
5.750000E-7	0.926019
5.875000E-7	0.918880
6.000000E-7	0.938259
6.125000E-7	0.910380
6.250000E-7	0.913440
6.375000E-7	0.889641
6.500000E-7	0.877061
6.625000E-7	0.936219
6.750000E-7	0.887601
6.875000E-7	0.887601
7.000000E-7	0.868562
7.125000E-7	0.926699
7.250000E-7	0.900520
7.375000E-7	0.912760
7.500000E-7	0.886921
7.625000E-7	0.868902
7.750000E-7	0.930779
7.875000E-7	0.933839
8.000000E-7	0.898481
8.250000E-7	0.900180
8.500000E-7	0.911060
8.750000E-7	0.904940
9.000000E-7	0.890661
9.250000E-7	0.903750
9.500000E-7	0.927209
9.750000E-7	0.932649
1.000000E-6	0.930439
1.025000E-6	0.892021
1.050000E-6	0.872812
1.075000E-6	0.921770
1.100000E-6	0.928059
1.125000E-6	0.940129
1.150000E-6	0.899500
1.175000E-6	0.917690
1.200000E-6	0.917350
1.225000E-6	0.934519
1.250000E-6	0.928059
1.275000E-6	0.901370
1.300000E-6	0.911910
1.325000E-6	0.907490
1.350000E-6	0.888281
1.375000E-6	0.914970
1.400000E-6	0.899161
1.425000E-6	0.928739
1.450000E-6	0.919220
1.475000E-6	0.889301
1.500000E-6	0.878931
1.525000E-6	0.885391
1.550000E-6	0.913270
1.575000E-6	0.894401
1.600000E-6	0.894231
1.650000E-6	0.917690
1.700000E-6	0.918795
1.750000E-6	0.904600
1.800000E-6	0.926019
1.850000E-6	0.910975
1.900000E-6	0.896526
1.950000E-6	0.898651
2.000000E-6	0.900265
2.050000E-6	0.924999
2.100000E-6	0.906810
2.150000E-6	0.921685
2.200000E-6	0.899670
2.250000E-6	0.903750
2.300000E-6	0.877996
2.350000E-6	0.899415
2.400000E-6	0.903155
2.450000E-6	0.908935
2.500000E-6	0.906810
2.550000E-6	0.907490
2.600000E-6	0.914885
2.650000E-6	0.907235
2.700000E-6	0.906725
2.750000E-6	0.905620
2.800000E-6	0.907745
2.850000E-6	0.923214
2.900000E-6	0.921090
2.950000E-6	0.895081
3.000000E-6	0.921175
3.050000E-6	0.885221
3.100000E-6	0.933754
3.150000E-6	0.894911
3.200000E-6	0.894996
3.300000E-6	0.900563
3.400000E-6	0.880249
3.500000E-6	0.917817
3.600000E-6	0.896186
3.700000E-6	0.913440
3.800000E-6	0.899798
3.900000E-6	0.899840
4.000000E-6	0.885391
4.100000E-6	0.911230
4.200000E-6	0.907023
4.300000E-6	0.889386
4.400000E-6	0.907405
4.500000E-6	0.898141
4.600000E-6	0.894911
4.700000E-6	0.892658
4.800000E-6	0.898268
4.900000E-6	0.897928
5.000000E-6	0.888536
5.100000E-6	0.906895
5.200000E-6	0.898311
5.300000E-6	0.894188
5.400000E-6	0.904090
5.500000E-6	0.898566
5.600000E-6	0.885221
5.700000E-6	0.900860
5.800000E-6	0.892998
5.900000E-6	0.890108
6.000000E-6	0.897843
6.100000E-6	0.924617
6.200000E-6	0.899670
6.300000E-6	0.892488
6.400000E-6	0.887941
6.600000E-6	0.898226
6.800000E-6	0.896249
7.000000E-6	0.894443
7.200000E-6	0.910529
7.400000E-6	0.896823
7.600000E-6	0.886581
7.800000E-6	0.904834
8.000000E-6	0.885306
8.200000E-6	0.896356
8.400000E-6	0.893870
8.600000E-6	0.887240
8.800000E-6	0.889386
9.000000E-6	0.893041
9.200000E-6	0.898056
9.400000E-6	0.894974
9.600000E-6	0.893976
9.800000E-6	0.886645
1.000000E-5	0.884222
1.020000E-5	0.884371
1.040000E-5	0.882204
1.060000E-5	0.877168
1.080000E-5	0.873513
1.100000E-5	0.882756
1.120000E-5	0.883287
1.140000E-5	0.886687
1.160000E-5	0.884477
1.180000E-5	0.879144
1.200000E-5	0.893593
1.220000E-5	0.878846
1.240000E-5	0.879781
1.260000E-5	0.875723
1.280000E-5	0.887049
1.320000E-5	0.881651
1.360000E-5	0.884010
1.400000E-5	0.881471
1.440000E-5	0.882023
1.480000E-5	0.874225
1.520000E-5	0.872918
1.560000E-5	0.879803
1.600000E-5	0.874405
1.640000E-5	0.871547
1.680000E-5	0.878815
1.720000E-5	0.877115
1.760000E-5	0.876615
1.800000E-5	0.877200
1.840000E-5	0.866936
1.880000E-5	0.870411
1.920000E-5	0.875871
1.960000E-5	0.873810
2.000000E-5	0.866543
2.040000E-5	0.869231
2.080000E-5	0.866012
2.120000E-5	0.866278
2.160000E-5	0.868817
2.200000E-5	0.857714
2.240000E-5	0.861645
2.280000E-5	0.862421
2.320000E-5	0.862081
2.360000E-5	0.858511
2.400000E-5	0.864609
2.440000E-5	0.862230
2.480000E-5	0.856960
2.520000E-5	0.855738
2.560000E-5	0.858904
2.640000E-5	0.859010
2.720000E-5	0.854171
2.800000E-5	0.854394
2.880000E-5	0.850803
2.960000E-5	0.849204
3.040000E-5	0.851871
3.120000E-5	0.847414
3.200000E-5	0.846256
3.280000E-5	0.842744
3.360000E-5	0.836789
3.440000E-5	0.842909
3.520000E-5	0.832576
3.600000E-5	0.839158
3.680000E-5	0.834287
3.760000E-5	0.833650
3.840000E-5	0.830770
3.920000E-5	0.831408
4.000000E-5	0.830537
4.080000E-5	0.828220
4.160000E-5	0.827875
4.240000E-5	0.827742
4.320000E-5	0.831307
4.400000E-5	0.825208
4.480000E-5	0.821904
4.560000E-5	0.823917
4.640000E-5	0.816613
4.720000E-5	0.814876
4.800000E-5	0.817001
4.880000E-5	0.816204
4.960000E-5	0.813994
5.040000E-5	0.810971
5.120000E-5	0.810175
5.280000E-5	0.806768
5.440000E-5	0.801690
5.600000E-5	0.802510
5.760000E-5	0.797088
5.920000E-5	0.798477
6.080000E-5	0.792625
6.240000E-5	0.793872
6.400000E-5	0.788506
6.560000E-5	0.780939
6.720000E-5	0.780963
6.880000E-5	0.778889
7.040000E-5	0.770016
7.200000E-5	0.775269
7.360000E-5	0.766177
7.520000E-5	0.763529
7.680000E-5	0.763148
7.840000E-5	0.759271
8.000000E-5	0.760774
8.160000E-5	0.755804
8.320000E-5	0.756080
8.480000E-5	0.749562
8.640000E-5	0.747301
8.800000E-5	0.745144
8.960000E-5	0.743057
9.120000E-5	0.740446
9.280000E-5	0.734853
9.440000E-5	0.740946
9.600000E-5	0.733686
9.760000E-5	0.728348
9.920000E-5	0.724924
0.000101	0.720469
0.000102	0.721949
0.000106	0.714991
0.000109	0.708009
0.000112	0.706071
0.000115	0.704324
0.000118	0.692173
0.000122	0.692072
0.000125	0.684693
0.000128	0.680763
0.000131	0.672480
0.000134	0.671039
0.000138	0.668952
0.000141	0.660416
0.000144	0.657370
0.000147	0.652261
0.000150	0.649065
0.000154	0.641239
0.000157	0.639038
0.000160	0.634930
0.000163	0.630296
0.000166	0.623436
0.000170	0.618692
0.000173	0.615388
0.000176	0.611450
0.000179	0.607974
0.000182	0.600638
0.000186	0.599098
0.000189	0.595145
0.000192	0.589445
0.000195	0.585563
0.000198	0.583455
0.000202	0.576875
0.000205	0.569717
0.000211	0.563655
0.000218	0.555728
0.000224	0.547700
0.000230	0.539439
0.000237	0.529943
0.000243	0.524463
0.000250	0.517479
0.000256	0.508541
0.000262	0.500448
0.000269	0.495164
0.000275	0.486294
0.000282	0.479392
0.000288	0.472599
0.000294	0.465471
0.000301	0.459529
0.000307	0.453335
0.000314	0.447848
0.000320	0.440367
0.000326	0.432801
0.000333	0.427372
0.000339	0.421791
0.000346	0.416739
0.000352	0.409779
0.000358	0.403488
0.000365	0.396674
0.000371	0.392563
0.000378	0.385483
0.000384	0.379667
0.000390	0.374941
0.000397	0.368414
0.000403	0.363982
0.000410	0.357776
0.000422	0.348418
0.000435	0.338210
0.000448	0.329145
0.000461	0.318950
0.000474	0.310779
0.000486	0.301842
0.000499	0.293418
0.000512	0.285024
0.000525	0.277594
0.000538	0.270433
0.000550	0.261778
0.000563	0.253336
0.000576	0.246780
0.000589	0.239888
0.000602	0.231225
0.000614	0.223442
0.000627	0.218065
0.000640	0.212730
0.000653	0.205553
0.000666	0.200262
0.000678	0.195054
0.000691	0.188942
0.000704	0.183394
0.000717	0.178217
0.000730	0.173762
0.000742	0.167010
0.000755	0.164014
0.000768	0.156948
0.000781	0.152357
0.000794	0.148312
0.000806	0.143653
0.000819	0.139147
0.000845	0.131614
0.000870	0.123724
0.000896	0.117152
0.000922	0.109362
0.000947	0.103561
0.000973	0.096777
0.000998	0.092391
0.001024	0.086411
0.001050	0.081702
0.001075	0.076801
0.001101	0.073224
0.001126	0.069208
0.001152	0.064912
0.001178	0.062398
0.001203	0.058080
0.001229	0.055298
0.001254	0.053369
0.001280	0.051195
0.001306	0.048620
0.001331	0.046834
0.001357	0.044177
0.001382	0.043861
0.001408	0.041953
0.001434	0.040639
0.001459	0.038564
0.001485	0.036683
0.001510	0.035628
0.001536	0.034204
0.001562	0.032624
0.001587	0.030799
0.001613	0.029852
0.001638	0.028959
0.001690	0.027902
0.001741	0.026182
0.001792	0.024735
0.001843	0.022558
0.001894	0.020540
0.001946	0.019270
0.001997	0.018112
0.002048	0.017194
0.002099	0.015735
0.002150	0.013804
0.002202	0.012651
0.002253	0.010673
0.002304	0.009021
0.002355	0.007166
0.002406	0.004977
0.002458	0.003568
0.002509	0.002474
0.002560	0.001119
0.002611	-0.000144
0.002662	-0.001780
0.002714	-0.002832
0.002765	-0.003563
0.002816	-0.004091
0.002867	-0.004538
0.002918	-0.004405
0.002970	-0.005234
0.003021	-0.005437
0.003072	-0.005918
0.003123	-0.007085
0.003174	-0.006729
0.003226	-0.007654
0.003277	-0.008350
0.003379	-0.009481
0.003482	-0.010501
0.003584	-0.011439
0.003686	-0.013499
0.003789	-0.015563
0.003891	-0.014744
0.003994	-0.014212
0.004096	-0.012956
0.004198	-0.010335
0.004301	-0.009871
0.004403	-0.008972
0.004506	-0.007691
0.004608	-0.007272
0.004710	-0.007487
0.004813	-0.007016
0.004915	-0.007029
0.005018	-0.007541
0.005120	-0.008029
0.005222	-0.007363
0.005325	-0.006513
0.005427	-0.006252
0.005530	-0.004057
0.005632	-0.004348
0.005734	-0.004357
0.005837	-0.004418
0.005939	-0.004332
0.006042	-0.003101
0.006144	-0.001632
0.006246	-0.001469
0.006349	-0.000880
0.006451	0.000343
0.006554	0.002144
0.006758	0.001928
0.006963	0.000892
0.007168	-0.001421
0.007373	-0.002258
0.007578	-0.001681
0.007782	-0.002380
0.007987	0.000578
0.008192	0.004767
0.008397	0.007086
0.008602	0.005821
0.008806	0.003445
0.009011	0.001863
0.009216	-0.000262
0.009421	-0.001871
0.009626	-0.002263
0.009830	-0.000743
0.010035	6.422590E-5
0.010240	0.000399
0.010445	0.001854
0.010650	0.003725
0.010854	0.004381
0.011059	0.005462
0.011264	0.004829
0.011469	0.005127
0.011674	0.006220
0.011878	0.005776
0.012083	0.006766
0.012288	0.008677
0.012493	0.009179
0.012698	0.009300
0.012902	0.005554
0.013107	0.002940
0.013517	0.001053
0.013926	0.002432
0.014336	0.003435
0.014746	0.002296
0.015155	-0.000720
0.015565	0.001424
0.015974	0.003821
0.016384	0.009432
0.016794	0.014614
0.017203	0.014539
0.017613	0.015556
0.018022	0.009163
0.018432	0.006557
0.018842	0.005574
0.019251	0.002114
0.019661	0.001136
0.020070	-0.001341
0.020480	0.000941
0.020890	0.003983
0.021299	0.002098
0.021709	0.001161
0.022118	-0.001305
0.022528	-0.003702
0.022938	-0.001297
0.023347	0.000384
0.023757	-0.003409
0.024166	-0.003243
0.024576	-0.000844
0.024986	0.001264
0.025395	0.002661
0.025805	-0.003327
0.026214	-0.008286
0.027034	-0.003887
0.027853	1.175012E-5
0.028672	0.004435
0.029491	0.001766
0.030310	-0.000717
0.031130	-0.006152
0.031949	-0.003856
0.032768	0.000236
0.033587	0.001405
0.034406	0.009141
0.035226	0.001477
0.036045	-0.000602
0.036864	-0.000791
0.037683	-0.005135
0.038502	-0.001754
0.039322	-0.002206
0.040141	-0.008841
0.040960	-0.001661
0.041779	0.006990
0.042598	0.003509
0.043418	0.001360
0.044237	0.005902
0.045056	0.001988
0.045875	0.003597
0.046694	0.003904
0.047514	0.004816
0.048333	0.006203
0.049152	0.003029
0.049971	0.006134
0.050790	0.002561
0.051610	0.000950
0.052429	0.002549
0.054067	0.002558
0.055706	0.002130
0.057344	-0.000568
0.058982	-0.000447
0.060621	0.003631
0.062259	-0.002448
0.063898	-0.009467
0.065536	-0.001880
0.067174	-0.000909
0.068813	-0.000217
0.070451	-5.710582E-5
0.072090	0.000714
0.073728	0.001674
0.075366	-0.006971
0.077005	-0.003453
0.078643	0.002157
0.080282	0.001932
0.081920	-0.003615
0.083558	-0.003786
0.085197	-0.000751
0.086835	-0.000663
0.088474	0.003715
0.090112	0.004802
0.091750	-0.000788
0.093389	0.001383
0.095027	0.003865
0.096666	0.003681
0.098304	-0.000637
0.099942	0.002522
0.101581	0.000216
0.103219	-0.000153
0.104858	-0.008325
0.108134	0.003664
0.111411	-0.002456
0.114688	-0.002134
0.117965	0.001364
0.121242	-0.003193
0.124518	-0.003736
0.127795	0.001709
0.131072	-0.001105
0.134349	0.000491
0.137626	-0.000589
0.140902	-0.001232
0.144179	0.005819
0.147456	-0.001425
0.150733	-7.681198E-5
0.154010	-0.004859
0.157286	-0.001087
0.160563	-0.000645
0.163840	0.001485
0.167117	-0.000866
0.170394	-0.001714
0.173670	0.002017
0.176947	-0.000654
0.180224	-2.930347E-5
0.183501	-0.000100
0.186778	-0.001856
0.190054	0.004366
0.193331	-0.000420
0.196608	0.005506
0.199885	-0.000271
0.203162	0.001019
0.206438	-0.005475
0.209715	0.004162
0.216269	0.000134
0.222822	0.001956
0.229376	-0.002739
0.235930	0.001964
0.242483	0.002802
0.249037	-0.001879
0.255590	-0.001605
0.262144	0.000124
0.268698	0.000502
0.275251	-0.001949
0.281805	0.000138
0.288358	-0.001971
0.294912	-0.001887
0.301466	-0.000883
0.308019	0.001011
0.314573	0.000760
0.321126	-0.003596
0.327680	-0.000347
0.334234	0.001879
0.340787	0.000730
0.347341	0.001009
0.353894	0.002386
0.360448	0.002829
0.367002	0.001134
0.373555	0.001053
0.380109	-0.002310
0.386662	0.002657
0.393216	-0.002027
0.399770	0.002140
0.406323	-0.000549
0.412877	0.002903
0.419430	0.000208
0.432538	-0.001505
0.445645	0.000381
0.458752	-0.000387
0.471859	-0.000573
0.484966	0.000173
0.498074	-0.003898
0.511181	0.000308
0.524288	0.001963
0.537395	-0.002446
0.550502	0.000279
0.563610	0.000757
0.576717	0.003268
0.589824	0.000722
0.602931	-2.708514E-5
0.616038	-0.000599
0.629146	-0.000609
0.642253	0.000129
0.655360	-0.002344
0.668467	-0.000344
0.681574	-0.001858
0.694682	-0.001453
0.707789	0.000604
0.720896	0.000418
0.734003	-0.001307
0.747110	0.001882
0.760218	-0.001065
0.773325	0.000837
0.786432	0.002465
0.799539	0.000717
0.812646	-0.000486
0.825754	0.000770
0.838861	0.001880
0.865075	-0.000459
0.891290	0.001664
0.917504	0.000506
0.943718	0.001026
0.969933	-0.000597
0.996147	-0.000928
1.022362	8.067944E-5
1.048576	0.000448
1.074790	0.000919
1.101005	0.001138
1.127219	0.001297
1.153434	0.001477
1.179648	0.001637
1.205862	-0.000340
1.232077	-0.000430
1.258291	-0.000812
1.284506	-0.000553
1.310720	-0.000951
1.336934	0.000351
1.363149	-0.000273
1.389363	-0.002042
1.415578	0.001025
1.441792	0.000258
1.468006	0.001038
1.494221	0.000233
1.520435	0.000884
1.546650	0.000593
1.572864	-0.000242
1.599078	0.000575
1.625293	0.000693
1.651507	0.000227
1.677722	0.000763
1.730150	-0.001388
1.782579	0.000205
1.835008	-0.001892
1.887437	-0.000104
1.939866	-0.000638
1.992294	-0.000419
2.044723	-0.000333
2.097152	-0.001139
2.149581	-0.000818
2.202010	0.000224
2.254438	0.000576
2.306867	-0.001023
2.359296	-0.000808
2.411725	-0.001263
2.464154	-0.000518
2.516582	0.000199
2.569011	-5.222482E-5
2.621440	-8.942136E-5
2.673869	-3.269065E-6
2.726298	0.000132
2.778726	-0.001242
2.831155	0.001149
2.883584	-0.000798
2.936013	-0.001142
2.988442	-0.000355
3.040870	-0.000381
3.093299	0.001649
3.145728	-0.001022
3.198157	-0.000857
3.250586	-0.000493
3.303015	-0.000278
3.355443	-0.001238
3.460301	-0.000728
3.565158	7.840245E-5
3.670016	5.539120E-6
3.774873	0.000122
3.879731	-0.000290
3.984589	0.000208
4.089447	-0.000577
4.194304	0.000855
4.299161	-0.000809
4.404019	-9.013191E-5
4.508877	-0.000691
4.613734	0.000399
4.718592	0.001156
4.823450	9.151972E-5
4.928307	-0.001233
5.033165	0.000372
5.138022	-9.979489E-5
5.242880	0.000181
5.347738	-0.000533
5.452595	-1.845553E-6
5.557453	1.102152E-5
5.662311	-0.000394
5.767168	0.000144
5.872025	0.000434
5.976883	-0.000413
6.081741	-0.001607
6.186598	-0.000293
6.291456	0.001049
6.396314	-0.000975
6.501171	-0.000358
6.606029	0.000492
6.710886	0.000137
6.920601	-9.365587E-5
7.130317	-0.000479
7.340032	0.000244
7.549747	0.000654
7.759462	-0.000473
7.969178	-9.651553E-5
8.178893	0.000802
8.388608	0.000792
8.598323	0.000138
8.808039	-9.204634E-5
9.017754	-0.000406
9.227468	-0.000236
9.437184	-0.000125
9.646899	0.000447
9.856614	0.000690
10.066330	-0.000652
10.276045	0.000134
10.485760	-0.000290
10.695476	-0.000302
10.905190	-0.000233
11.114905	0.000395
11.324621	0.001014
11.534336	-0.000149
11.744051	-0.000232
11.953767	-0.000300
12.163482	0.000883
12.373197	0.000410
12.582912	-0.000577
12.792627	0.000183
13.002342	0.000945
13.212058	-0.000315
13.421773	-7.062481E-5
13.841203	0.000354
14.260633	-0.001006
14.680064	-0.000158
15.099494	0.000191
15.518925	-0.000522
15.938355	0.000227
16.357786	0.000272
16.777216	0.000554
17.196646	0.000901
17.616077	-0.001018
18.035507	0.000724
18.454937	0.000544
18.874369	-0.000574
19.293798	0.000000
19.713228	NaN
20.132660	NaN
20.552090	NaN
20.971519	NaN
21.390951	NaN
21.810381	NaN
22.229811	NaN
22.649242	NaN
23.068672	NaN
23.488102	NaN
23.907534	NaN
24.326963	NaN
24.746393	NaN
25.165825	NaN
25.585255	NaN
26.004684	NaN
26.424116	NaN
26.843546	NaN
27.682405	NaN
28.521267	NaN
29.360128	NaN
30.198988	NaN
31.037849	NaN
31.876711	NaN
32.715572	NaN
33.554432	NaN
34.393291	NaN
35.232155	NaN
36.071014	NaN
36.909874	NaN
37.748737	NaN
38.587597	NaN
39.426456	NaN
40.265320	NaN
41.104179	NaN
41.943039	NaN
42.781902	NaN
43.620762	NaN
44.459621	NaN
45.298485	NaN
46.137344	NaN
46.976204	NaN
47.815067	NaN
48.653927	NaN
49.492786	NaN
50.331650	NaN
51.170509	NaN
52.009369	NaN
52.848232	NaN
53.687092	NaN
55.364811	NaN
57.042534	NaN
58.720257	NaN
60.397976	NaN
62.075699	NaN
63.753422	NaN
65.431145	NaN
67.108864	NaN
68.786583	NaN
70.464310	NaN
72.142029	NaN
73.819748	NaN
75.497475	NaN
77.175194	NaN
78.852913	NaN
80.530640	NaN
82.208359	NaN
83.886078	NaN
85.563805	NaN
87.241524	NaN
88.919243	NaN
90.596970	NaN
92.274689	NaN
93.952408	NaN
95.630135	NaN
97.307854	NaN
98.985573	NaN
100.663300	NaN
102.341019	NaN
104.018738	NaN
105.696465	NaN
107.374184	NaN
110.729622	NaN
114.085068	NaN
117.440514	NaN
120.795952	NaN
124.151398	NaN
127.506844	NaN
130.862289	NaN
134.217728	NaN
137.573166	NaN
140.928619	NaN
144.284058	NaN
147.639496	NaN
150.994949	NaN
154.350388	NaN
157.705826	NaN
161.061279	NaN
164.416718	NaN
167.772156	NaN
171.127609	NaN
174.483047	NaN
177.838486	NaN
181.193939	NaN
184.549377	NaN
187.904816	NaN
191.260269	NaN
194.615707	NaN
197.971146	NaN
201.326599	NaN
204.682037	NaN
208.037476	NaN
211.392929	NaN
214.748367	NaN
221.459244	NaN
228.170135	NaN
234.881027	NaN
241.591904	NaN
248.302795	NaN
255.013687	NaN
261.724579	NaN
268.435455	NaN
275.146332	NaN
281.857239	NaN
288.568115	NaN
295.278992	NaN
301.989899	NaN
308.700775	NaN
315.411652	NaN
322.122559	NaN
328.833435	NaN
335.544312	NaN
342.255219	NaN
348.966095	NaN
355.676971	NaN
362.387878	NaN
369.098755	NaN
375.809631	NaN
382.520538	NaN
389.231415	NaN
395.942291	NaN
402.653198	NaN
409.364075	NaN
416.074951	NaN
422.785858	NaN
429.496735	NaN
442.918488	NaN
456.340271	NaN
469.762054	NaN
483.183807	NaN
496.605591	NaN
510.027374	NaN
523.449158	NaN
536.870911	NaN
550.292664	NaN
563.714478	NaN
577.136230	NaN
590.557983	NaN
603.979797	NaN
617.401550	NaN
630.823303	NaN
644.245117	NaN
657.666870	NaN
671.088623	NaN
684.510437	NaN
697.932190	NaN
711.353943	NaN
724.775757	NaN
738.197510	NaN
751.619263	NaN
765.041077	NaN
778.462830	NaN
791.884583	NaN
805.306396	NaN
818.728149	NaN
832.149902	NaN
845.571716	NaN
858.993469	NaN
885.836975	NaN
912.680542	NaN
939.524109	NaN
966.367615	NaN
993.211182	NaN
1020.054749	NaN
1046.898315	NaN
1073.741821	NaN
1100.585327	NaN
1127.428955	NaN
1154.272461	NaN
1181.115967	NaN
1207.959595	NaN
1234.803101	NaN
1261.646606	NaN
1288.490234	NaN
1315.333740	NaN
1342.177246	NaN
1369.020874	NaN
1395.864380	NaN
1422.707886	NaN
1449.551514	NaN
1476.395020	NaN
1503.238525	NaN
1530.082153	NaN
1556.925659	NaN
1583.769165	NaN
1610.612793	NaN
1637.456299	NaN
1664.299805	NaN
1691.143433	NaN
1717.986938	NaN
1771.673950	NaN
1825.361084	NaN
1879.048218	NaN
1932.735229	NaN
1986.422363	NaN
2040.109497	NaN
2093.796631	NaN
2147.483643	NaN
2201.170654	NaN
2254.857910	NaN
2308.544922	NaN
2362.231934	NaN
2415.919189	NaN
2469.606201	NaN
2523.293213	NaN
2576.980469	NaN
2630.667480	NaN
2684.354492	NaN
2738.041748	NaN
2791.728760	NaN
2845.415771	NaN
2899.103027	NaN
2952.790039	NaN
3006.477051	NaN
3060.164307	NaN
3113.851318	NaN
3167.538330	NaN
3221.225586	NaN
3274.912598	NaN
3328.599609	NaN
3382.286865	NaN
3435.973877	NaN
0.000000	NaN
0.000000	NaN
0.000000	NaN
0.000000	NaN
0.000000	NaN
0.000000	NaN
0.000000	NaN
0.000000	NaN
0.000000	NaN
0.000000	NaN
0.000000	NaN
0.000000	NaN
0.000000	NaN
0.000000	NaN
0.000000	NaN
0.000000	NaN
0.000000	NaN
0.000000	NaN
0.000000	NaN
0.000000	NaN
0.000000	NaN
0.000000	NaN
0.000000	NaN
0.000000	NaN
0.000000	NaN
0.000000	NaN
0.000000	NaN
0.000000	NaN
0.000000	NaN
0.000000	NaN
0.000000	NaN
0.000000	NaN

Count Rate History (KHz)  CR CHA / CR CHB
0.000000	110.797882	111.751556
0.104858	107.145309	106.925964
0.209715	91.075897	95.062256
0.314573	105.628967	106.210709
0.419430	110.301971	112.628937
0.524288	106.287003	105.571747
0.629146	101.270676	97.932816
0.734003	109.062195	112.533569
0.838861	111.398697	112.237930
0.943718	113.735199	110.616684
1.048576	101.509094	99.716187
1.153434	121.650696	126.962662
1.258291	117.654800	118.322372
1.363149	98.543167	99.792480
1.468006	99.086761	97.408295
1.572864	93.660355	101.757050
1.677722	116.910934	108.404160
1.782579	121.984482	125.675201
1.887437	99.887848	102.243423
1.992294	117.025375	116.624832
2.097152	104.627609	106.773376
2.202010	117.435455	117.511749
2.306867	106.039047	110.588074
2.411725	101.757050	100.259781
2.516582	128.297806	132.112503
2.621440	116.462708	112.247467
2.726298	116.176605	119.705200
2.831155	101.900101	105.237961
2.936013	102.901459	98.180771
3.040870	106.668472	110.416412
3.145728	111.236572	107.736588
3.250586	112.371445	114.641190
3.355443	109.577179	113.706589
3.460301	117.053986	113.868713
3.565158	92.802048	93.584061
3.670016	117.464066	116.815567
3.774874	94.652176	92.973709
3.879731	110.654831	111.474991
3.984589	111.742020	113.439560
4.089446	97.942352	96.015930
4.194304	121.479034	122.184753
4.299162	99.430084	97.131729
4.404019	104.703903	104.990005
4.508877	108.623505	106.201172
4.613734	111.532211	113.239288
4.718592	94.289780	93.679428
4.823450	107.889175	109.281540
4.928307	101.366043	102.691650
5.033165	96.025467	96.397400
5.138022	99.763870	100.317001
5.242880	101.451874	100.603104
5.347738	103.893280	106.019974
5.452595	109.643936	106.563568
5.557453	95.138550	95.262527
5.662310	115.346909	122.318268
5.767168	98.276138	96.263885
5.872026	113.878250	111.742020
5.976883	87.289810	86.565018
6.081741	99.706650	104.722977
6.186598	109.710693	106.134415
6.291456	107.984543	106.515884
6.396314	117.235184	121.641159
6.501171	112.085342	110.816956
6.606029	106.477737	107.746124
6.710886	113.239288	115.938187
6.815744	108.947754	112.028122
6.920602	109.081268	112.323761
7.025459	107.364655	106.010437
7.130317	114.469528	116.910934
7.235174	119.647980	120.725632
7.340032	111.036301	108.518600
7.444890	112.733841	113.458633
7.549747	104.904175	104.465485
7.654605	111.732483	113.945007
7.759462	110.874176	115.661621
7.864320	114.898682	111.999512
7.969178	111.007690	112.161636
8.074035	137.195587	140.562057
8.178893	117.511749	117.053986
8.283750	114.936829	113.954544
8.388608	109.548569	112.533569
8.493466	118.522644	113.916397
8.598323	102.224350	102.729797
8.703181	111.188889	111.513138
8.808038	102.062225	103.654861
8.912896	100.603104	102.767944
9.017754	104.188919	103.063583
9.122611	99.582672	102.043152
9.227469	144.624710	148.000717
9.332326	109.558105	110.740662
9.437184	108.318329	107.278824
9.542042	109.825134	111.446381
9.646899	119.657516	123.491287
9.751757	103.874207	102.863312
9.856614	111.284256	106.840134
9.961472	107.908249	107.946396
10.066330	103.693008	104.856491
10.171187	100.088120	97.827911
10.276045	100.765228	101.804733
10.380902	105.571747	103.416443
10.485760	105.247498	106.229782
10.590618	84.543228	82.683563
10.695475	124.940872	128.622055
10.800333	116.300583	115.747452
10.905190	112.800598	113.906860
11.010048	115.404129	116.853714
11.114906	117.063522	116.472244
11.219763	104.045868	104.999542
11.324621	98.371506	98.628998
11.429478	110.559464	111.465454
11.534336	107.097626	104.846954
11.639194	110.073090	107.765198
11.744051	92.754364	91.791153
11.848909	110.874176	110.502243
11.953766	107.717514	110.731125
12.058624	115.051270	115.776062
12.163482	110.845566	112.495422
12.268339	114.259720	114.564896
12.373197	101.776123	102.729797
12.478054	126.914978	126.018524
12.582912	91.733932	90.913773
12.687770	107.707977	107.431412
12.792627	100.202560	105.562210
12.897485	105.552673	103.168488
13.002342	122.604370	122.823715
13.107200	99.096298	96.702576
13.212058	94.137192	94.566345
13.316915	104.894638	107.526779
13.421773	105.438232	106.372833
13.526630	93.050003	95.338821
13.631488	107.278824	110.597610
13.736346	93.116760	90.723038
13.841203	106.754303	108.013153
13.946061	120.477676	122.489929
14.050918	97.665787	95.195770
14.155776	94.413757	92.468262
14.260634	91.781616	92.439651
14.365491	116.825104	118.865967
14.470349	100.030899	102.157593
14.575206	111.675262	112.018585
14.680064	131.826401	136.289597
14.784922	102.224350	100.936890
14.889779	117.321014	120.811462
14.994637	117.702484	118.122101
15.099494	102.739334	104.188919
15.204352	94.652176	94.566345
15.309210	101.242065	97.818375
15.414067	98.676682	105.104446
15.518925	147.304535	150.003433
15.623782	117.473602	121.116638
15.728640	99.306107	97.465515
15.833498	113.620758	113.954544
15.938355	109.128952	111.074448
16.043213	99.773407	99.334717
16.148070	110.530853	112.714767
16.252928	98.772049	98.829269
16.357786	101.957321	97.389221
16.462643	99.000931	103.254318
16.567501	100.040436	101.280212
16.672358	132.522583	131.092072
16.777216	101.499557	102.481842
16.882074	93.946457	97.970963
16.986931	121.288300	116.767883
17.091789	100.374222	100.927353
17.196646	110.206604	115.795135
17.301504	105.381012	101.175308
17.406362	99.058151	101.137161
17.511219	102.577209	102.252960
17.616077	114.231110	113.515854
17.720934	125.150681	128.345490
17.825792	103.960037	104.036331
17.930650	114.574432	115.451813
18.035507	108.985901	109.577179
18.140365	119.352341	119.724274
18.245222	105.524063	105.113983
18.350080	102.529526	99.935532
18.454938	110.921860	109.968185
18.559795	100.078583	97.494125
18.664653	110.435486	110.883713
18.769510	103.578568	107.984543
18.874368	126.152039	127.725601
18.979226	110.292435	108.652115
19.084083	114.116669	116.949081
19.188941	112.886429	115.070343
19.293798	116.357803	115.814209
19.398656	101.623535	103.349686
19.503514	107.049942	112.590790
19.608371	110.540390	111.446381
19.713229	128.059387	130.701065
19.818086	118.093491	117.883682
